145 370
116 330
389 191
12 344
165 303
79 312
92 176
183 212
283 145
34 315
226 126
227 76
117 292
329 278
369 21
46 395
34 285
82 183
264 359
324 132
318 4
344 345
195 330
28 381
360 257
369 247
120 56
107 375
64 375
141 376
316 191
390 395
249 200
283 134
377 250
139 311
172 258
212 125
277 256
168 367
154 155
5 306
96 389
265 311
379 1
112 185
70 96
16 111
218 263
28 109
271 152
373 246
220 240
120 390
192 145
37 125
280 159
306 319
118 298
192 38
171 45
31 278
233 121
392 254
215 381
89 280
135 267
116 388
46 294
282 112
0 78
13 243
378 93
195 123
70 175
317 130
166 350
161 18
383 169
107 89
122 388
204 231
147 354
99 60
370 297
23 280
238 278
234 168
254 230
78 393
211 181
314 261
52 223
92 197
317 330
345 253
52 28
100 165
123 262
340 311
171 179
257 114
182 256
165 63
254 249
130 144
330 257
72 41
239 299
14 355
326 99
119 68
81 13
1 170
349 177
91 185
342 60
72 47
301 396
198 298
75 153
291 20
240 360
364 330
334 398
42 231
297 280
303 13
304 73
347 252
178 258
58 295
5 170
322 228
33 333
251 32
289 212
153 386
96 343
177 325
234 368
227 324
15 291
246 158
127 229
127 178
369 382
260 204
81 42
60 181
382 203
322 187
45 21
149 241
364 34
116 342
104 153
200 148
55 65
117 192
82 291
143 132
364 173
192 368
55 11
298 241
218 296
220 116
210 5
253 126
134 305
101 312
98 39
241 378
108 319
7 362
149 112
104 343
265 44
102 191
48 376
294 293
235 170
8 145
1 16
62 120
98 61
129 357
337 94
19 195
313 128
69 130
206 339
43 223
46 270
169 97
166 24
135 340
300 161
371 233
159 4
228 148
313 80
200 232
331 309
100 328
51 284
379 44
378 180
368 243
113 299
271 81
288 234
28 398
127 363
67 262
192 185
80 306
256 8
246 162
376 87
349 23
156 236
219 228
109 328
345 106
142 60
365 81
341 46
25 183
145 27
270 16
74 2
125 330
340 255
314 114
150 231
223 356
15 13
6 132
182 224
116 79
241 201
99 148
341 112
169 52
188 137
332 78
107 310
49 59
280 167
10 371
344 307
298 111
393 4
163 61
229 370
264 340
311 196
101 388
286 311
301 78
12 217
55 159
241 297
299 219
307 366
309 215
387 227
117 250
220 162
387 101
301 86
330 368
56 99
211 195
95 98
42 61
313 217
220 335
217 289
336 244
164 337
338 73
41 22
32 222
263 238
77 364
344 377
392 251
382 77
181 225
222 300
28 1
9 199
5 90
358 245
351 369
30 73
102 278
251 395
350 172
304 298
346 69
103 211
185 266
385 88
267 380
126 320
239 84
168 3
393 30
293 374
23 192
214 294
294 387
225 113
30 38
116 383
383 319
331 48
140 276
96 281
60 273
285 394
269 388
90 20
359 297
386 216
279 163
68 16
278 354
199 386
332 257
268 142
67 147
158 40
29 25
164 164
298 45
287 284
129 52
53 307
31 176
79 327
144 170
367 171
66 258
373 193
341 105
225 218
282 321
157 257
305 194
313 367
275 319
73 301
185 47
361 377
293 109
338 107
255 313
335 78
301 366
180 197
65 287
191 176
313 210
333 307
177 345
342 400
249 201
336 135
278 74
233 262
358 399
225 86
171 154
289 260
334 90
327 158
104 260
159 143
356 358
282 365
308 188
270 387
259 1
212 330
350 367
150 200
348 311
36 102
235 113
261 185
69 340
37 394
110 263
326 370
9 105
230 140
400 235
51 260
170 250
304 279
123 246
153 279
104 200
217 392
220 150
239 364
370 16
334 200
99 217
268 15
243 35
356 172
391 11
334 166
392 147
218 206
207 144
198 93
307 392
174 387
128 56
178 149
275 22
142 375
323 59
73 196
339 59
243 300
237 10
144 24
148 115
346 326
257 245
332 368
159 181
359 385
87 92
397 181
362 168
173 276
383 51
195 110
18 258
204 158
20 144
203 4
46 254
85 157
393 68
358 56
232 231
36 177
124 56
249 394
151 60
284 279
33 148
174 212
156 384
124 383
241 288
31 235
299 29
252 193
194 168
29 203
240 283
366 251
27 222
106 20
280 332
71 40
77 321
295 372
287 178
379 306
278 20
81 330
293 174
191 331
117 40
191 271
307 163
13 389
147 126
96 93
200 306
228 187
90 148
371 129
384 63
383 24
319 85
130 113
10 242
45 97
176 311
259 382
341 114
90 286
91 79
256 324
298 245
80 392
187 169
330 226
40 369
32 115
192 203
254 160
267 351
46 233
79 273
5 114
126 195
202 144
153 342
192 266
301 321
69 265
232 92
315 357
43 378
54 321
101 120
188 48
123 98
287 389
399 351
328 309
167 296
290 160
71 3
135 242
74 192
383 81
143 265
384 269
138 74
359 234
325 334
267 4
283 203
177 215
382 310
204 192
7 99
135 362
340 38
212 105
112 344
20 74
21 213
21 216
310 98
346 259
246 281
275 13
127 74
204 100
15 147
126 133
280 50
372 84
360 374
114 388
218 343
169 260
242 111
45 337
176 308
327 254
42 5
63 314
32 81
244 59
54 160
16 255
285 80
239 232
110 85
307 327
95 330
18 256
173 310
120 383
135 277
192 157
351 142
121 108
18 244
41 107
304 314
214 256
17 322
213 276
40 69
345 336
188 202
285 49
1 198
99 194
216 67
300 232
61 392
140 145
307 208
4 235
144 48
128 289
391 304
228 82
110 287
79 259
91 117
255 353
336 133
43 219
155 239
52 264
110 368
372 36
185 148
76 1
193 124
294 99
177 391
288 40
196 348
30 316
133 190
382 200
269 264
198 115
203 127
215 157
143 88
169 212
12 251
177 112
352 292
82 211
239 287
323 35
213 387
349 320
38 358
384 256
30 310
260 305
9 51
168 384
164 302
37 255
247 123
243 341
389 381
86 186
320 3
288 17
84 34
386 81
234 321
45 373
160 62
32 85
166 64
115 270
374 221
53 213
216 351
29 185
23 287
322 276
104 229
141 28
381 115
205 314
329 76
393 140
121 204
382 137
336 282
279 75
19 66
63 190
296 262
318 144
243 116
387 147
314 181
119 36
378 292
306 251
10 380
265 370
324 12
93 329
120 301
163 112
317 392
107 174
266 196
52 227
325 167
77 149
344 219
52 101
271 66
331 142
309 186
232 146
305 51
233 218
135 271
172 324
85 66
30 253
100 389
217 192
322 150
20 347
43 199
366 131
99 204
226 103
65 248
329 206
383 169
139 331
174 146
365 190
343 214
6 183
22 200
307 81
35 303
203 309
252 171
354 107
376 174
364 169
53 61
105 286
174 0
12 12
360 374
24 226
249 263
207 34
131 237
168 159
284 202
361 252
177 278
226 378
56 92
119 369
99 149
266 226
297 83
233 370
187 333
301 241
353 147
214 87
140 10
216 130
302 60
288 318
26 349
65 344
212 356
307 318
338 130
270 379
180 114
73 313
111 184
365 302
236 343
15 387
123 187
371 363
301 288
134 74
364 125
89 94
47 168
114 319
31 15
389 183
172 302
12 55
78 3
295 196
52 224
385 121
69 298
124 140
282 77
192 147
204 121
231 162
257 369
5 137
200 234
379 230
264 374
296 66
381 84
176 295
158 370
255 36
64 219
38 58
347 31
290 300
119 67
48 136
13 142
364 374
66 256
266 23
74 339
178 127
161 176
233 118
107 28
356 266
158 380
211 71
297 133
271 389
395 397
342 113
135 166
361 118
175 330
87 183
172 273
264 257
261 16
148 38
367 124
197 221
53 202
34 194
155 13
372 171
57 369
220 194
180 216
304 145
229 338
383 361
10 295
119 289
372 82
37 141
18 121
12 103
26 363
352 46
75 218
116 214
99 138
111 90
387 159
79 167
370 337
229 33
71 297
181 27
283 75
84 126
144 181
318 228
233 264
205 11
321 134
191 343
388 230
366 195
200 25
166 296
190 163
28 186
172 270
124 239
317 216
158 124
117 35
182 62
104 374
200 272
5 71
278 117
234 1
182 391
371 39
107 83
152 329
354 82
378 37
130 239
67 59
273 353
207 276
348 71
41 145
333 123
191 358
270 260
254 392
336 262
212 192
290 3
322 194
159 125
237 295
198 67
290 369
377 230
271 174
56 10
190 313
83 369
154 192
181 170
293 216
295 1
383 224
370 363
64 71
376 207
275 300
81 263
370 55
20 346
326 81
207 100
291 268
368 389
168 40
132 224
60 119
172 325
163 27
323 196
68 350
74 101
281 157
378 260
153 86
391 150
116 358
137 271
218 189
273 359
285 160
334 301
138 268
124 120
220 165
227 287
357 235
65 66
253 70
120 350
39 266
360 53
14 26
131 346
304 141
205 284
163 238
76 298
207 123
334 14
65 119
236 272
393 358
202 33
315 0
305 101
259 354
41 46
338 299
340 214
107 150
306 370
199 183
164 28
136 385
371 292
190 209
204 74
63 13
90 187
238 201
86 196
68 35
182 214
93 110
99 213
372 31
255 37
379 398
290 178
206 142
387 195
316 38
352 219
271 22
152 352
92 270
116 268
40 314
387 320
340 139
82 131
65 176
126 30
98 102
82 170
146 116
195 161
241 118
116 221
199 204
8 185
348 191
156 106
93 173
336 88
13 344
364 163
379 64
144 297
159 321
5 121
278 70
168 148
9 177
64 120
65 260
394 19
244 28
199 86
300 259
6 31
119 49
348 393
98 63
322 300
264 286
263 33
344 324
197 137
299 259
34 310
250 389
290 379
170 234
218 326
132 27
117 2
139 5
139 230
371 226
58 57
211 38
142 396
377 310
331 197
24 384
119 144
257 174
45 255
232 116
24 70
146 97
212 280
185 275
176 6
238 40
303 315
48 21
249 220
170 240
199 218
290 270
398 223
214 281
230 171
231 352
48 109
382 283
63 34
134 329
226 229
321 316
365 276
394 42
30 122
228 358
293 125
379 280
4 168
249 273
369 219
296 111
241 254
156 272
297 246
322 297
256 327
105 296
150 235
319 310
224 65
55 225
93 48
142 18
41 393
325 241
195 249
271 394
47 109
377 400
375 272
394 77
181 37
87 181
243 37
29 207
377 63
141 70
356 226
153 230
149 45
325 258
28 345
167 282
106 379
74 38
358 71
144 21
261 388
391 205
251 363
215 187
98 400
172 389
92 19
275 102
56 337
243 89
262 81
342 59
201 96
74 91
211 130
371 246
400 114
235 129
275 149
92 89
248 370
82 154
257 159
379 4
109 388
29 164
253 116
285 374
39 275
59 34
1 258
282 1
349 340
17 387
86 27
391 356
165 314
373 148
394 336
157 297
385 39
169 50
103 252
204 142
316 70
320 319
277 234
73 215
265 183
244 198
125 283
9 135
222 194
177 105
327 189
349 188
240 37
333 315
119 107
154 60
85 193
315 158
286 241
320 260
36 26
213 275
340 306
121 50
322 362
303 243
45 356
17 68
33 271
20 44
196 211
198 303
22 88
43 210
159 360
159 388
55 90
375 377
55 161
262 190
260 116
268 26
152 219
234 244
330 52
298 200
390 375
312 23
4 325
35 299
58 143
331 246
314 25
358 110
136 166
35 206
148 311
300 211
190 336
116 156
194 3
344 231
156 294
165 170
324 103
189 136
257 144
311 377
130 78
48 202
156 149
39 104
236 245
139 152
158 186
181 207
116 362
55 209
66 142
123 23
241 199
128 71
313 209
212 74
191 233
32 363
21 362
124 231
353 96
115 349
270 21
40 355
276 252
144 146
178 301
375 15
282 133
46 256
274 80
370 352
243 12
383 4
397 314
162 284
9 81
374 203
16 16
93 95
196 96
220 145
337 34
304 49
197 297
385 62
193 179
343 274
396 129
211 340
74 119
394 48
18 55
4 323
24 50
296 39
350 384
394 165
145 236
120 218
49 372
111 196
260 88
104 394
289 275
15 303
43 347
360 65
200 69
312 224
163 365
378 319
385 288
270 199
288 201
364 170
46 20
78 96
147 150
37 165
119 59
277 134
35 94
26 364
94 15
99 203
173 16
315 145
398 185
326 133
289 352
80 301
172 151
221 78
203 144
168 38
330 98
79 264
321 197
123 302
305 267
346 385
200 261
199 384
295 336
310 282
179 389
97 141
192 346
189 31
384 337
374 263
257 81
283 190
108 72
52 251
206 381
19 282
281 369
234 396
73 158
18 39
360 207
77 186
89 27
62 320
397 76
197 356
34 48
40 233
124 106
140 85
40 362
165 320
372 239
39 399
169 360
287 67
118 349
162 62
374 9
194 386
11 253
286 226
139 332
254 44
80 76
298 289
366 358
186 94
30 7
119 248
282 114
154 150
11 46
86 105
122 110
295 119
102 229
45 138
395 61
267 238
26 0
328 260
314 312
339 374
287 45
380 372
219 94
133 16
100 60
59 7
39 237
364 109
272 68
304 335
260 14
59 113
267 373
97 288
259 219
234 379
51 237
106 5
314 387
377 269
375 318
328 308
42 301
347 194
337 371
295 153
123 89
197 194
218 235
320 153
292 395
17 80
26 243
308 147
243 109
348 222
151 83
160 234
184 45
136 98
8 246
303 308
191 98
187 221
269 314
19 139
386 185
14 112
109 250
8 131
105 285
246 152
170 81
375 55
277 187
125 368
63 167
278 85
124 218
55 382
36 336
110 112
167 4
118 162
356 308
392 176
138 361
31 27
386 345
243 267
322 234
353 212
27 291
329 118
119 117
116 352
87 349
62 229
57 162
240 96
162 337
226 204
339 28
352 39
107 219
256 74
368 92
30 71
258 117
137 102
47 337
38 377
113 120
28 319
75 101
22 49
211 253
275 87
267 240
381 186
18 290
204 334
384 73
375 116
270 164
44 252
25 353
91 223
118 348
243 241
183 191
169 228
62 96
109 28
251 36
50 345
380 153
315 139
31 232
349 285
173 194
400 237
93 385
261 275
386 245
17 3
77 253
281 296
204 95
143 114
348 207
97 52
265 180
58 341
96 73
93 120
53 2
357 290
169 311
258 17
175 80
129 363
364 264
228 146
249 136
100 163
125 7
76 378
245 31
38 264
324 315
59 183
346 226
202 213
3 155
169 305
290 259
41 137
79 84
399 249
83 335
277 24
133 211
32 306
154 302
106 203
189 116
294 397
148 31
42 308
364 388
343 30
201 128
268 182
327 3
362 320
143 104
285 322
46 371
354 384
181 306
305 328
294 60
95 2
247 323
393 360
80 25
391 293
239 359
158 88
157 163
141 159
238 349
383 209
369 348
139 15
372 325
133 197
319 10
279 365
338 349
224 326
267 350
40 222
288 355
111 173
373 83
304 397
169 219
30 28
255 217
359 205
291 336
6 187
357 91
170 289
14 185
295 132
342 263
37 88
226 51
177 179
297 36
300 12
74 217
210 294
318 339
276 27
283 205
302 142
223 8
365 196
226 170
65 168
326 322
233 122
339 231
217 92
23 51
324 63
100 330
75 391
14 231
272 168
230 45
66 21
74 190
181 309
120 394
46 338
377 151
208 219
32 357
170 328
302 136
221 297
179 253
119 347
195 362
63 394
349 86
222 182
221 387
362 40
339 281
144 113
61 306
331 103
348 321
44 222
133 40
47 237
235 294
79 112
91 80
19 324
226 274
32 387
41 263
64 112
95 301
384 181
17 304
207 180
1 357
299 252
35 242
376 92
66 216
376 2
284 128
341 122
98 273
282 306
265 58
52 148
169 280
17 173
39 45
304 42
240 209
154 347
297 334
388 393
118 216
300 341
263 12
219 281
363 211
305 388
291 319
238 327
299 86
28 297
170 150
281 114
175 306
274 197
1 288
105 332
314 209
142 383
24 34
88 260
73 143
55 377
102 222
370 355
143 124
23 74
357 40
230 220
315 389
147 305
301 177
98 159
183 141
51 20
27 188
41 159
100 254
275 345
137 200
350 298
99 283
380 232
74 310
326 357
62 1
1 17
63 252
289 153
305 83
159 347
237 369
41 334
259 366
129 172
153 250
238 14
109 360
342 199
125 196
358 388
291 62
256 331
70 233
200 285
166 318
53 201
322 187
300 225
255 345
372 32
283 315
351 292
54 251
51 83
82 188
93 20
175 282
270 145
304 319
266 284
268 360
25 204
45 205
340 6
321 330
383 271
341 196
247 253
211 34
292 295
73 99
83 366
305 240
314 88
185 307
181 100
296 203
211 56
372 270
78 14
362 270
147 209
383 150
270 57
312 372
285 74
246 244
327 269
395 183
287 102
384 172
245 108
273 2
152 302
60 383
137 143
289 66
129 140
305 358
178 173
335 326
342 332
6 311
75 381
229 164
305 327
158 75
326 201
395 303
145 38
199 57
324 204
354 43
385 304
336 384
124 160
364 82
237 338
37 47
388 241
287 48
93 335
207 194
189 346
8 190
1 28
164 290
300 54
251 325
20 215
373 58
304 263
180 204
18 248
267 174
373 11
84 56
256 181
229 131
230 251
119 83
133 175
310 264
123 296
127 356
297 322
24 14
349 215
172 1
204 265
347 233
21 151
223 2
392 300
317 48
375 144
394 211
337 326
373 266
214 366
225 94
285 130
339 129
153 106
170 303
21 232
59 98
229 398
105 55
238 58
93 174
174 129
316 120
12 70
221 60
17 329
347 255
63 305
37 360
104 352
358 81
7 40
347 231
114 127
70 242
166 371
213 14
161 72
133 334
78 21
383 236
94 240
358 361
67 200
361 289
282 113
303 153
101 94
390 385
355 108
64 71
196 206
237 50
130 219
349 338
251 230
250 131
179 223
134 129
53 143
38 252
207 359
234 353
346 215
13 149
58 213
213 377
83 148
320 177
262 245
31 192
287 343
362 201
114 329
359 103
201 338
311 53
333 313
57 209
15 275
22 203
297 212
56 276
134 345
59 115
196 110
139 305
369 385
347 155
234 235
286 254
108 95
246 10
78 198
37 277
394 115
344 259
163 396
388 344
317 116
198 213
144 252
393 350
252 370
379 28
169 261
389 227
332 130
165 174
125 120
392 213
199 383
343 109
133 203
264 232
143 118
2 313
304 190
231 212
256 389
259 9
5 162
199 47
136 258
259 156
110 35
262 389
182 182
368 381
385 76
85 326
289 185
355 208
185 235
272 247
387 9
328 159
317 288
296 371
117 306
156 138
138 260
98 287
332 256
202 380
280 48
70 192
373 324
309 330
252 269
38 279
130 229
86 146
339 326
215 97
175 318
1 205
324 301
326 68
395 384
372 328
311 384
52 330
133 294
263 270
31 264
252 68
6 285
127 264
9 16
148 189
183 3
171 316
252 218
249 265
279 172
258 377
260 203
396 87
273 192
274 392
211 29
14 342
117 221
44 339
220 168
249 146
119 74
151 71
171 300
154 191
111 16
2 175
202 396
151 361
70 79
121 181
12 311
251 227
305 370
214 333
352 300
98 73
128 294
282 351
220 289
55 376
103 24
52 223
204 107
223 256
399 90
125 261
219 117
363 93
10 34
263 7
181 234
393 12
225 59
280 303
88 76
284 392
191 295
14 139
207 385
86 346
235 211
278 224
79 39
288 357
138 39
289 176
316 156
53 111
10 291
235 355
204 31
64 181
67 309
229 329
379 29
233 231
158 255
328 220
102 123
67 316
389 108
47 133
385 163
240 137
20 166
177 21
284 374
154 356
281 314
205 64
14 231
347 134
227 204
98 206
343 144
318 305
45 71
50 373
176 388
263 352
296 134
138 313
1 382
287 265
156 124
374 281
106 203
318 362
283 160
174 235
173 321
167 33
221 188
88 121
229 21
371 377
251 64
70 288
291 327
202 133
6 309
392 242
202 340
99 354
76 184
296 210
333 395
285 63
25 253
230 392
5 353
285 10
136 399
272 70
372 381
107 10
55 167
87 390
1 391
9 91
114 340
30 99
237 125
304 172
271 225
352 329
169 128
294 183
204 42
36 76
57 37
36 3
283 351
121 246
225 45
241 161
161 154
33 170
296 353
257 318
28 112
209 143
239 282
383 213
109 27
12 396
278 22
352 125
147 364
80 262
262 203
272 104
341 300
307 157
224 298
132 360
102 88
146 342
29 93
146 79
51 200
286 344
135 76
285 110
185 44
93 179
327 321
5 90
29 183
302 127
219 44
172 145
84 100
110 20
234 378
221 339
399 127
77 164
17 266
40 175
145 143
138 214
91 326
334 383
358 226
53 143
66 84
245 50
42 130
256 46
50 57
10 180
373 396
212 40
66 259
85 125
214 120
391 51
274 133
195 350
266 82
223 323
307 257
135 365
209 13
391 173
205 288
48 360
277 134
57 392
275 22
12 353
202 24
46 349
227 203
207 330
7 34
383 215
241 235
328 246
138 129
298 305
278 195
316 319
84 316
151 255
185 330
193 222
276 173
165 265
328 199
351 41
284 148
140 2
152 55
183 206
220 196
373 196
362 14
108 245
295 7
47 176
17 327
102 205
393 284
317 311
179 49
309 73
82 160
342 195
244 345
253 188
30 240
193 272
127 341
110 108
115 257
196 107
374 50
21 313
362 147
195 39
261 139
352 3
208 144
233 51
203 73
288 1
90 243
77 169
211 154
177 352
261 200
186 244
224 344
343 170
374 350
307 368
188 394
135 112
281 280
184 126
186 37
388 102
317 79
146 130
317 131
16 362
333 98
271 283
212 81
34 376
313 353
202 144
213 68
348 6
186 128
78 18
308 281
72 361
273 22
21 79
277 221
315 207
341 160
386 370
123 25
217 326
23 7
368 284
256 219
389 118
223 60
228 23
10 289
117 8
64 97
204 108
2 102
52 94
54 117
310 312
116 293
54 361
79 76
280 55
123 391
395 378
32 300
159 287
201 152
172 379
44 201
275 10
38 87
62 120
224 94
97 192
290 222
383 238
4 385
380 357
193 6
391 89
251 170
87 158
160 148
390 303
387 141
282 78
190 223
20 285
307 112
239 381
111 141
280 290
237 300
392 159
197 222
146 288
280 249
391 286
207 122
119 245
223 263
103 96
144 128
366 95
140 348
117 56
247 233
317 139
115 110
189 161
128 124
383 207
58 169
119 131
329 48
50 73
352 325
80 73
128 125
241 47
238 140
76 239
62 366
227 239
333 343
21 219
98 170
212 216
23 10
56 302
344 196
160 298
71 398
306 319
140 7
371 328
160 332
314 164
373 333
214 235
290 99
88 344
206 88
351 210
86 78
222 384
31 291
30 135
242 191
160 110
77 358
310 296
195 196
216 58
373 120
205 88
205 230
241 229
400 267
4 19
205 318
283 71
251 324
96 120
266 49
138 242
52 181
88 275
358 331
9 38
99 180
235 31
344 221
86 370
360 257
261 156
308 92
167 54
257 50
299 285
371 334
125 43
340 306
237 131
44 249
65 15
360 42
39 274
350 157
358 83
313 224
126 285
311 273
253 50
66 76
9 309
196 377
184 270
286 78
337 248
330 26
292 63
47 399
371 344
313 246
107 367
180 7
150 309
140 261
128 237
218 234
259 75
111 250
251 370
106 207
214 317
159 200
359 306
314 267
269 393
39 69
128 104
166 141
43 196
87 211
150 147
114 376
30 119
129 291
32 368
60 267
295 262
346 308
329 388
390 75
57 204
312 216
271 19
370 249
101 379
299 219
139 38
333 241
323 46
56 364
323 251
55 149
161 131
381 390
195 192
368 105
126 318
69 129
319 191
18 57
11 36
264 385
251 62
73 268
382 127
108 356
382 323
201 49
346 340
239 5
330 166
367 291
169 232
177 159
307 120
47 210
271 358
263 155
214 185
243 355
322 325
7 350
380 178
287 287
26 192
41 50
212 320
237 59
224 323
106 7
138 227
238 366
179 73
143 357
141 107
344 49
66 334
156 110
228 268
22 39
128 296
355 5
76 83
115 252
255 234
19 386
378 200
356 253
307 69
110 190
395 301
117 265
31 303
276 167
233 5
385 12
337 282
186 149
142 62
98 3
214 19
159 165
374 389
359 238
336 65
51 55
68 351
308 69
164 342
145 122
123 267
193 358
389 69
214 51
377 69
148 128
178 32
206 365
75 297
9 319
360 101
326 196
84 122
202 275
388 93
384 57
340 364
14 323
364 289
139 150
237 262
44 199
193 333
16 345
327 341
382 127
11 201
192 223
145 391
249 169
381 51
347 371
31 122
12 285
388 218
96 366
142 300
161 49
60 77
132 250
310 235
244 1
396 365
167 75
14 50
70 296
290 102
274 231
193 355
12 106
256 393
216 166
397 54
188 341
253 119
192 132
208 178
379 344
99 81
352 241
78 88
141 14
326 261
7 212
295 34
241 271
193 61
353 61
210 85
184 188
266 338
21 78
357 377
2 317
258 161
57 332
216 337
53 38
103 118
310 32
265 308
130 173
93 113
219 367
38 196
335 286
283 119
210 333
266 192
262 209
119 315
248 364
57 83
43 196
53 32
25 108
225 377
241 10
12 273
176 127
114 366
101 67
122 316
193 247
303 226
26 73
24 53
159 170
379 138
219 126
195 296
226 268
20 287
340 373
269 103
105 59
172 324
398 389
256 160
227 98
0 159
370 150
186 113
25 176
315 356
302 239
369 316
361 325
300 234
256 268
51 285
109 289
317 126
0 211
94 261
141 224
9 213
262 297
210 383
96 150
57 5
79 390
106 213
181 59
115 86
272 249
157 399
142 254
338 308
159 383
30 250
61 216
232 357
63 244
45 353
301 256
196 179
21 394
75 325
385 269
150 377
126 52
14 287
7 44
47 241
399 113
290 269
111 190
357 266
311 134
332 183
36 27
241 114
163 26
106 60
377 116
373 295
89 89
164 223
108 247
348 249
67 93
371 142
158 269
163 332
334 168
55 112
119 75
298 119
178 335
169 98
67 229
202 98
119 262
317 79
384 278
45 131
53 395
170 246
219 336
188 235
203 335
321 367
29 400
140 197
330 151
153 294
248 163
233 32
208 166
374 231
60 117
67 215
189 149
390 88
175 17
358 245
205 176
362 67
235 223
367 380
121 339
350 277
39 281
264 179
380 44
192 182
395 370
94 175
208 112
212 173
162 120
336 44
345 104
245 101
364 22
322 214
367 220
266 271
78 106
127 264
394 216
254 65
225 175
155 379
319 242
393 183
74 176
260 67
6 192
166 121
59 104
127 48
119 311
103 316
371 268
40 119
308 183
397 175
52 136
369 120
39 192
62 34
314 335
109 18
56 326
319 377
297 342
59 119
51 42
217 348
364 255
331 103
199 81
273 72
200 331
164 161
387 5
55 52
334 211
97 77
163 375
382 59
283 276
114 396
236 263
171 228
38 22
312 64
201 216
113 271
15 331
257 36
126 91
7 230
175 243
323 41
362 153
298 69
297 216
391 343
338 3
138 122
385 380
312 195
180 96
338 42
362 199
110 258
9 368
291 171
362 158
391 208
2 25
146 183
32 334
226 146
190 82
213 110
239 157
138 1
185 273
45 325
98 168
157 214
225 192
266 230
372 217
398 137
368 289
121 18
65 350
391 267
257 348
335 159
296 264
116 101
152 347
329 167
157 293
280 136
204 205
354 6
248 157
316 119
224 190
149 199
162 112
396 339
244 7
197 380
69 135
300 358
358 393
190 270
398 184
160 73
122 146
271 95
15 35
303 191
138 346
322 233
55 51
367 372
39 278
31 24
326 76
238 389
197 396
354 171
330 24
39 234
178 165
171 260
346 316
390 65
222 60
178 276
324 16
291 106
150 87
122 353
221 70
383 172
373 26
231 305
140 383
224 328
98 315
56 126
305 34
53 225
90 158
296 45
66 165
134 308
154 321
331 49
376 83
338 19
346 262
245 81
178 256
223 99
249 282
396 267
121 374
54 234
218 158
2 113
67 159
230 119
139 136
36 368
277 362
139 122
295 366
343 145
271 120
235 106
338 316
205 75
177 236
200 266
317 310
17 391
183 10
339 44
71 40
99 297
228 272
62 112
24 28
147 311
115 362
164 77
16 294
103 16
8 10
300 382
177 355
275 277
99 198
359 78
200 78
266 45
136 93
319 330
396 325
184 40
164 186
220 82
173 255
338 162
22 85
135 390
91 360
227 252
41 29
317 286
162 79
284 197
133 218
115 66
370 333
188 375
365 269
271 50
278 158
47 8
79 345
25 210
142 261
366 371
299 71
247 226
66 40
14 148
345 348
35 113
268 96
299 171
304 228
258 57
89 182
289 358
151 397
202 50
343 48
94 87
254 304
318 175
68 327
267 76
11 126
193 110
237 21
252 370
300 301
12 84
282 272
248 277
167 385
22 101
294 383
300 97
269 182
53 357
144 269
216 387
354 367
7 73
142 221
283 27
28 172
92 36
225 127
68 398
235 243
259 299
342 210
51 310
258 317
395 128
248 153
140 46
140 348
385 103
400 291
261 389
341 281
94 306
306 358
359 65
75 10
228 232
391 382
219 255
269 109
270 302
95 373
231 394
171 88
80 72
260 365
258 49
124 237
10 360
370 163
42 52
280 17
334 282
295 355
389 241
254 387
137 189
240 394
371 29
146 359
118 157
367 204
294 260
55 248
73 335
196 4
75 144
105 70
142 106
230 89
363 156
268 325
176 373
92 119
241 120
124 183
320 122
159 42
156 211
58 350
104 47
141 225
171 250
364 197
191 376
248 156
174 104
227 155
183 211
184 375
49 183
183 186
207 127
328 5
369 342
325 51
268 66
203 359
352 28
102 183
334 274
36 305
185 339
86 63
79 379
144 176
46 6
382 167
193 61
214 280
19 70
349 80
298 184
164 101
9 248
63 370
382 107
257 17
214 323
69 228
200 231
191 377
103 143
356 149
372 387
39 398
250 251
170 392
207 72
98 222
377 398
247 33
82 213
94 81
226 83
228 75
290 388
32 120
178 11
242 79
113 274
208 357
255 298
325 110
95 312
28 265
354 61
212 175
210 173
198 263
85 138
176 109
319 223
203 1
280 165
37 63
122 387
268 288
33 161
36 106
23 232
269 57
114 121
121 269
2 21
41 63
153 398
67 165
110 80
375 133
154 49
396 127
325 227
339 397
350 252
159 351
28 111
169 19
127 117
184 254
57 65
229 93
280 110
83 22
246 79
352 152
281 133
163 366
312 249
152 241
360 134
304 128
283 148
247 342
246 300
359 15
305 129
301 209
201 322
305 313
336 190
235 272
22 380
278 389
368 165
337 64
89 206
178 264
112 231
322 334
118 219
250 203
261 31
109 78
54 346
349 184
229 298
130 312
364 25
195 77
111 61
49 60
87 325
239 63
307 10
352 181
84 206
337 122
318 60
50 346
34 50
346 99
245 302
25 341
363 98
310 144
313 62
249 80
92 263
231 357
59 162
195 264
225 342
252 93
74 355
294 208
162 187
51 46
177 103
31 309
323 380
138 347
109 383
100 221
357 135
384 168
242 21
196 273
247 263
311 204
41 217
295 296
242 233
342 287
33 271
255 210
89 114
277 18
304 392
329 201
52 47
154 15
376 277
134 380
168 293
40 249
13 197
31 245
164 72
371 311
187 312
134 379
245 71
75 37
371 170
182 33
292 321
294 33
231 79
177 256
184 48
283 196
43 148
348 209
192 236
278 116
220 393
248 83
229 172
265 229
27 24
154 84
388 258
269 40
25 187
346 393
213 222
11 22
4 268
192 215
330 154
60 228
287 395
270 171
207 169
334 173
283 165
98 368
342 191
242 53
255 301
227 245
261 49
354 378
128 117
233 294
7 126
273 94
118 250
224 105
117 69
210 376
38 63
300 149
109 227
128 221
88 209
326 43
216 91
19 173
242 147
382 350
99 112
218 259
9 253
225 351
274 359
166 50
0 282
228 195
239 132
399 186
363 374
121 17
35 40
188 208
364 24
15 83
355 372
253 318
64 76
147 22
331 135
369 4
176 269
238 157
188 396
394 125
146 21
72 183
22 329
43 343
185 286
301 9
174 149
391 398
373 41
366 296
184 394
8 172
144 332
32 397
332 35
35 206
109 386
57 341
266 379
232 125
362 104
273 357
133 63
81 387
9 356
198 394
163 330
239 166
8 218
263 40
175 285
111 331
119 173
59 146
141 235
385 63
203 380
22 12
297 105
133 67
201 64
387 97
116 282
202 148
266 211
358 376
91 173
33 316
259 75
294 103
276 63
229 26
284 214
334 241
262 126
356 245
398 328
190 121
168 62
226 227
53 335
143 390
142 342
333 330
3 339
89 203
274 372
288 386
59 116
325 35
227 165
302 169
195 62
247 318
91 29
195 387
288 209
76 195
296 242
289 309
70 142
373 145
261 79
33 174
323 369
226 362
346 393
175 13
200 340
381 373
114 375
185 82
259 294
258 246
59 91
114 134
215 61
23 317
9 321
41 252
59 316
89 167
73 209
205 147
324 400
162 170
9 30
202 61
24 109
161 259
63 154
136 140
95 205
26 165
18 326
356 219
82 137
196 325
156 359
192 324
140 357
179 39
193 225
23 201
390 297
162 355
341 73
218 309
255 205
392 300
231 75
369 224
367 270
238 203
381 91
266 183
40 275
41 84
326 193
297 307
280 273
98 281
24 55
56 122
55 12
89 249
81 166
111 240
351 226
216 6
163 140
155 241
180 35
176 202
348 346
119 227
255 232
372 185
204 229
58 176
98 292
7 34
373 251
115 280
193 179
222 34
39 396
199 382
332 110
162 54
317 71
92 167
367 220
346 308
295 294
184 214
208 374
165 116
275 253
69 323
312 261
338 52
208 191
196 57
165 208
358 191
163 174
7 186
357 292
24 25
251 168
51 321
62 96
20 168
203 63
119 236
142 363
44 242
106 295
21 159
157 68
205 281
166 26
168 164
49 47
232 146
105 188
260 223
320 381
169 91
341 10
47 400
232 112
192 144
374 159
107 33
204 358
110 8
391 377
98 134
344 279
231 375
291 198
375 201
79 56
209 74
312 43
74 225
194 242
39 291
205 376
391 197
339 331
360 55
154 371
128 79
144 0
115 275
70 209
260 356
139 373
282 115
180 44
264 153
327 324
116 312
44 358
123 322
399 226
370 145
278 245
121 320
378 95
388 363
242 392
353 324
140 139
64 170
210 180
204 197
255 234
179 141
306 10
24 183
153 155
308 139
128 17
225 91
262 109
291 180
46 179
345 2
21 115
83 47
243 27
73 47
277 21
265 262
44 139
229 119
41 307
62 24
296 150
295 72
131 261
301 123
400 379
112 321
292 57
45 392
364 189
34 279
314 206
385 363
384 321
52 37
29 317
322 303
379 204
267 269
349 94
118 277
215 93
15 149
284 4
178 386
227 135
159 267
9 301
271 79
333 148
284 140
22 140
181 236
119 311
321 133
378 117
179 165
352 297
373 155
237 85
35 386
92 365
240 125
228 377
399 117
109 57
272 172
363 133
220 124
251 150
228 23
217 137
111 100
174 358
100 68
309 52
110 241
269 327
72 257
329 204
168 348
248 352
42 267
369 110
116 342
158 222
228 268
250 327
251 82
36 373
207 51
355 180
311 196
173 175
133 62
130 339
138 319
64 354
299 344
286 323
371 272
32 287
106 76
308 169
53 81
199 365
11 71
227 101
27 328
274 192
59 374
337 94
294 50
9 336
396 229
354 140
177 197
147 223
149 333
389 244
239 241
313 306
56 314
63 235
399 314
25 306
317 152
111 391
123 119
388 114
48 178
376 362
57 222
303 65
147 320
376 155
108 72
225 206
392 161
67 143
155 258
154 333
52 110
375 282
303 209
151 46
273 164
274 197
266 309
318 227
160 259
176 373
69 3
217 68
144 346
355 138
19 22
213 305
144 370
101 29
89 378
278 177
375 167
246 327
57 320
106 309
175 314
371 32
230 325
70 36
302 348
23 351
44 387
289 76
301 375
39 65
344 310
141 254
352 80
394 4
80 14
264 329
333 129
323 386
92 382
159 279
56 336
123 140
77 184
176 99
237 135
339 143
105 318
284 254
138 165
275 273
91 267
237 45
299 350
358 92
393 369
316 106
53 277
305 68
205 317
216 63
372 71
341 13
207 295
347 278
209 32
88 352
300 15
313 130
280 282
103 25
3 185
173 343
393 18
112 212
130 334
324 115
254 158
23 238
180 183
371 345
281 8
211 308
37 194
91 119
7 54
58 275
297 375
139 283
147 365
100 109
263 304
204 252
356 45
368 234
197 265
194 45
202 68
129 16
50 289
75 214
331 276
233 65
378 137
379 136
105 334
168 51
68 15
65 354
132 283
112 314
29 7
378 381
366 42
334 324
257 170
292 372
50 211
52 299
230 240
269 359
348 103
224 275
350 343
5 309
10 83
57 75
242 284
190 29
20 278
126 164
117 288
1 295
46 379
271 391
305 298
199 129
216 302
320 303
124 79
155 171
338 35
398 370
165 93
349 194
126 239
285 10
133 145
185 212
202 379
66 112
385 388
389 324
188 357
312 218
240 2
336 6
253 40
88 146
55 151
399 169
396 129
237 244
81 143
296 33
57 276
75 7
365 335
172 236
354 41
289 318
147 136
337 290
78 51
202 341
147 135
104 338
4 334
361 362
226 123
275 76
358 25
229 39
185 214
86 89
357 34
109 352
375 5
331 68
388 385
41 170
131 70
318 324
188 37
214 295
208 101
139 151
343 385
147 24
192 312
366 369
158 285
282 339
178 198
181 270
303 20
3 308
138 187
290 267
143 61
165 154
12 220
301 220
399 22
250 200
243 393
211 128
109 184
167 159
104 288
124 11
362 70
310 82
207 229
70 2
167 87
104 34
199 94
329 10
124 272
388 31
171 280
321 360
187 74
302 172
36 236
193 261
196 209
281 64
382 219
196 337
67 38
390 102
188 2
21 66
313 336
52 165
226 35
386 364
83 68
28 376
35 3
159 356
269 163
382 242
177 144
144 185
231 104
35 11
158 111
80 154
33 128
241 211
177 105
37 37
282 306
231 39
324 154
145 345
161 383
200 274
46 136
248 208
243 7
151 145
272 325
5 84
265 252
394 19
228 92
352 134
101 131
264 287
161 59
15 25
209 364
313 309
12 201
282 173
134 256
231 244
60 344
92 337
367 212
226 141
239 337
289 358
245 169
144 49
341 161
309 126
19 10
4 296
121 100
319 242
244 304
133 326
329 60
217 14
244 298
59 130
38 13
6 99
329 61
123 49
182 224
111 266
258 250
33 312
372 169
83 354
1 273
131 319
105 121
360 143
178 146
152 76
145 100
286 223
48 66
255 378
25 72
292 43
277 128
114 346
15 2
349 335
258 29
163 40
245 135
183 149
298 199
135 175
361 141
390 44
147 375
170 99
21 270
276 37
147 134
296 62
294 50
107 150
32 270
328 395
94 255
53 259
229 339
291 367
198 341
32 280
57 84
292 271
348 210
337 208
325 275
396 274
118 65
303 350
137 125
129 156
237 166
58 1
185 399
339 115
132 123
18 35
222 235
371 303
54 352
213 135
7 187
262 115
388 320
112 297
312 249
97 71
29 100
249 348
177 87
373 17
303 39
138 263
234 100
345 308
340 72
171 144
336 229
373 23
82 210
297 325
211 361
319 229
216 96
166 299
223 214
399 175
145 264
230 168
285 221
113 373
179 214
300 263
53 316
322 385
183 79
240 41
372 264
316 395
389 364
305 126
288 49
190 266
194 77
107 81
124 185
261 271
324 279
202 54
55 90
290 354
47 378
257 90
93 109
2 365
295 73
228 35
118 132
209 383
381 190
363 272
145 225
94 392
98 292
155 115
240 161
181 16
128 383
378 226
253 263
122 141
277 157
69 209
167 299
74 319
131 81
206 29
27 9
54 225
258 138
258 110
249 362
97 336
48 358
77 98
148 307
349 343
7 234
108 248
400 365
339 318
147 12
348 375
206 155
194 360
111 189
385 398
217 88
207 166
17 335
333 160
61 137
33 371
152 245
72 306
362 334
317 390
170 316
318 219
390 343
176 25
335 81
272 376
361 398
24 218
287 6
149 362
247 79
345 336
113 318
259 192
253 260
3 230
260 205
273 172
207 78
223 70
65 340
257 83
241 143
55 71
239 377
115 10
153 287
268 286
22 130
1 158
298 155
176 285
268 189
24 387
244 290
189 142
141 167
386 117
392 353
229 296
354 5
150 126
147 260
105 94
372 105
43 182
358 139
45 376
167 352
34 92
290 116
325 60
74 191
358 317
342 160
223 359
352 316
115 86
64 257
227 216
163 211
118 160
282 38
14 100
83 251
267 260
282 344
82 320
311 43
137 263
82 53
63 221
248 136
271 121
142 350
158 374
197 266
307 162
365 74
53 152
182 167
112 199
309 386
221 220
351 80
365 249
358 300
125 183
7 206
297 138
243 83
195 261
10 133
364 35
207 198
89 66
240 209
6 138
187 20
20 196
123 1
219 148
284 235
163 260
307 3
173 367
373 18
379 144
217 71
207 185
130 147
157 32
273 200
164 105
290 98
191 41
25 277
180 351
47 96
267 109
200 336
72 243
312 292
279 195
47 214
59 195
159 217
371 41
5 258
43 97
13 335
384 185
367 131
21 165
163 394
102 341
121 302
20 239
159 380
322 399
85 273
357 367
322 301
283 287
118 279
125 93
11 95
252 293
169 186
291 321
104 175
30 27
160 164
332 149
399 358
53 346
31 44
176 26
6 250
324 135
131 79
297 169
181 93
23 254
208 21
92 127
212 128
296 356
301 56
57 57
204 380
273 75
173 59
291 371
238 270
145 271
197 152
66 282
20 238
358 140
160 313
95 83
216 37
212 145
120 351
277 254
88 160
260 226
298 191
40 98
145 299
100 109
105 396
325 345
41 249
118 388
344 305
66 39
269 166
30 87
271 169
293 149
62 77
188 43
350 1
12 277
374 231
287 142
274 69
167 162
400 211
300 393
38 149
94 219
119 366
307 268
136 12
221 214
88 389
154 129
7 150
4 55
100 91
308 87
101 295
0 267
68 289
121 254
17 360
124 156
128 188
74 326
169 395
197 270
202 115
336 136
145 159
98 296
374 92
2 324
362 307
82 157
379 89
113 252
171 96
379 380
23 73
226 320
347 225
303 359
299 359
121 200
372 367
95 142
29 209
229 160
110 55
146 391
310 54
166 75
48 48
325 343
246 84
280 194
71 90
384 236
97 300
206 215
180 297
166 120
202 280
231 361
171 129
164 278
65 232
34 385
372 60
224 221
26 58
5 270
263 105
390 100
129 318
129 45
283 335
278 147
278 151
60 251
231 369
293 117
233 4
213 158
338 1
113 290
174 20
288 15
312 25
87 261
106 77
206 327
215 321
320 347
127 217
290 115
309 353
55 178
277 315
99 205
42 382
211 383
29 320
134 192
26 30
297 9
95 213
28 52
176 190
145 280
56 270
156 230
395 183
86 224
275 119
92 63
48 47
380 349
176 111
270 52
5 251
244 68
386 348
245 329
218 203
31 382
199 161
350 182
209 135
182 340
223 81
384 367
332 375
110 349
78 48
38 56
181 83
358 379
207 301
173 98
399 361
350 91
247 354
193 348
198 33
161 344
362 33
179 354
78 237
122 152
265 295
270 100
78 211
398 107
84 153
123 207
177 324
144 114
313 79
258 21
67 176
230 171
57 256
57 364
32 291
7 329
128 287
292 323
390 367
150 264
148 45
193 57
388 188
43 3
98 325
232 5
385 197
140 225
164 72
228 196
75 354
57 278
250 147
30 84
359 314
360 307
289 360
26 354
388 9
134 290
392 393
67 75
286 92
190 32
333 99
25 96
317 2
122 291
323 314
56 9
2 273
180 229
377 288
286 118
196 18
79 315
313 114
338 236
55 4
295 15
147 150
213 104
123 163
40 216
369 278
367 281
234 245
330 232
103 255
92 330
290 339
329 152
79 346
109 139
314 277
32 116
109 126
326 53
313 171
312 308
32 219
191 9
96 77
259 177
64 366
284 323
82 347
324 318
342 391
186 309
174 83
85 47
369 7
133 140
344 172
28 142
224 68
253 362
35 377
238 62
45 362
198 87
204 372
208 56
32 109
243 77
382 169
152 54
66 383
215 208
229 190
259 40
14 196
391 162
390 192
228 182
328 338
68 322
64 294
85 104
287 322
69 12
227 141
33 166
141 242
334 169
43 256
87 381
111 49
197 387
255 238
345 47
385 238
209 182
371 284
115 78
79 65
399 124
326 110
156 361
399 43
35 142
355 236
123 211
125 150
166 3
303 6
76 70
19 56
337 134
164 360
357 5
50 283
203 180
264 14
299 12
350 326
358 170
214 324
325 233
334 362
66 159
110 268
319 9
399 125
98 271
225 293
18 391
398 266
276 303
262 178
244 304
165 188
326 211
135 45
51 32
285 344
364 349
244 400
273 392
342 20
184 269
195 337
1 241
201 239
93 187
194 139
115 380
3 50
29 166
274 111
354 53
153 150
206 162
170 194
329 122
170 381
266 193
20 66
200 400
166 347
3 256
30 279
191 78
299 140
226 164
49 99
188 111
147 383
4 290
249 359
256 281
154 4
299 197
283 242
198 169
356 122
164 59
137 63
310 39
103 24
283 25
342 331
39 68
86 212
93 367
62 24
326 328
281 388
197 202
339 298
264 117
389 370
319 166
86 276
143 92
217 86
238 222
90 148
300 278
95 329
209 104
136 32
143 231
31 354
116 380
41 25
182 142
171 398
48 133
359 77
344 234
354 223
33 46
318 145
44 40
192 223
191 188
265 37
364 375
67 256
105 63
81 73
125 368
151 279
41 222
190 23
316 29
304 222
97 270
300 53
386 230
355 191
359 362
17 165
256 367
333 67
336 365
50 262
223 123
146 68
367 156
31 164
282 16
8 362
148 256
376 36
178 275
193 140
360 270
157 339
201 143
179 24
140 384
295 114
252 226
248 229
33 298
194 4
177 211
320 64
116 85
168 381
188 274
60 117
327 341
315 382
383 397
118 77
242 354
146 144
7 329
48 251
325 369
365 229
217 389
223 9
231 227
139 112
386 143
57 51
318 217
336 399
360 114
133 57
232 387
153 207
188 10
216 101
43 85
252 203
393 258
14 7
253 295
2 298
275 316
158 236
150 113
275 166
188 90
170 103
348 123
56 94
343 216
135 128
397 280
177 218
43 325
233 35
208 115
49 83
309 155
166 44
338 171
170 276
117 326
381 375
115 107
323 125
14 44
201 320
151 101
206 8
120 86
44 154
349 107
369 269
74 52
307 250
313 283
242 183
386 242
378 20
84 379
332 217
281 126
60 382
168 172
136 199
354 11
296 189
353 125
230 95
205 89
178 296
268 74
69 215
118 10
15 54
14 245
154 241
273 267
138 379
55 255
65 241
248 22
353 196
193 53
135 23
341 173
188 67
283 211
361 226
223 12
392 201
214 102
202 164
249 260
82 348
185 80
318 312
96 279
349 37
110 373
151 365
221 149
74 15
159 49
82 299
290 358
301 151
370 376
139 316
95 180
180 343
263 39
196 204
269 263
122 374
125 182
189 15
376 33
139 72
197 23
148 5
13 105
28 121
95 310
16 177
36 107
329 81
24 69
335 52
264 311
399 25
8 18
225 304
46 274
59 18
77 347
213 359
250 235
314 76
351 254
286 367
291 130
313 199
112 75
168 39
246 350
13 205
334 138
33 379
70 244
126 328
278 115
93 193
396 172
337 280
100 264
247 345
342 182
174 207
200 217
179 58
157 314
97 96
164 360
118 51
379 24
106 222
78 128
166 374
152 351
288 8
221 118
242 131
162 165
351 349
188 194
111 85
82 15
332 188
257 185
5 390
170 396
111 52
44 60
384 117
193 179
346 398
48 349
177 342
101 207
205 169
227 302
385 125
48 88
51 110
201 95
388 333
7 294
357 304
360 12
235 265
17 388
196 169
210 100
245 40
171 197
236 166
95 93
218 288
45 226
87 384
170 16
254 209
55 157
44 31
304 131
219 98
331 116
89 89
362 13
127 386
152 391
294 392
355 191
76 268
102 314
333 254
23 138
355 104
11 374
154 376
181 210
36 142
40 323
57 215
24 261
359 242
370 255
82 173
29 164
343 158
352 135
207 4
220 5
23 393
381 297
95 126
173 297
224 115
110 348
56 369
141 87
381 129
322 102
346 355
111 25
184 35
333 341
191 342
246 208
134 160
107 42
342 314
235 159
168 251
22 158
321 113
222 229
260 353
260 141
161 194
267 309
137 400
56 319
97 143
97 16
303 368
385 56
343 178
228 243
85 149
250 65
218 95
213 385
165 235
182 382
131 29
234 385
35 356
306 276
271 293
200 140
201 337
231 365
230 268
342 102
327 290
207 340
370 355
53 226
66 199
279 247
107 57
271 120
167 78
244 30
296 63
6 341
100 53
87 271
201 228
3 340
316 162
376 184
164 352
317 72
384 310
100 329
333 62
34 226
142 48
296 105
322 29
133 245
364 175
95 186
359 290
240 87
36 254
226 54
306 87
301 309
375 184
218 209
275 235
71 380
124 173
115 246
99 395
377 73
224 168
384 373
228 88
201 235
59 108
71 55
21 383
0 38
63 70
65 286
195 236
332 47
275 252
2 174
212 316
86 156
185 33
41 80
331 56
3 46
52 126
362 154
262 370
304 391
276 238
52 345
343 259
79 310
361 351
51 311
358 154
169 186
16 121
34 140
132 187
354 388
25 135
175 139
116 372
196 239
201 40
144 107
399 23
106 294
326 245
312 300
251 50
355 306
396 301
171 1
24 377
345 123
271 68
89 243
40 266
98 110
8 327
391 214
50 115
381 256
232 310
59 299
166 382
112 283
241 368
236 31
252 345
209 189
125 291
357 69
166 113
317 169
141 149
66 388
284 133
398 204
244 236
203 289
51 372
42 326
242 316
80 80
62 160
392 113
107 8
62 330
65 45
316 157
92 306
54 165
359 346
107 219
335 76
2 164
87 249
343 308
254 97
301 122
398 139
261 13
113 302
57 216
220 86
350 5
376 275
81 263
36 359
273 269
259 160
253 43
396 16
65 351
32 383
280 176
380 364
206 353
343 208
26 220
350 162
254 277
55 36
88 396
372 189
303 225
146 219
204 326
31 184
220 389
349 103
348 29
22 255
203 129
80 362
373 50
190 231
141 380
299 298
248 45
332 214
262 16
316 75
73 216
342 277
307 99
248 48
192 168
238 342
255 213
164 226
11 31
348 209
72 10
326 277
244 20
79 279
255 342
78 343
201 237
180 137
201 255
19 208
313 76
367 268
14 13
320 211
105 66
358 87
292 76
42 80
245 28
226 373
129 58
140 225
175 357
135 58
76 209
254 143
147 349
361 240
81 377
246 127
77 70
21 115
85 13
224 160
228 229
393 75
204 383
227 135
360 383
68 113
135 36
201 212
117 46
257 121
101 148
213 374
188 216
362 395
130 357
75 345
12 34
241 188
25 283
190 246
162 201
56 376
170 345
75 268
259 161
195 388
364 186
268 351
381 180
0 317
257 32
268 346
128 198
220 323
42 118
249 105
102 319
253 164
368 61
319 37
37 13
353 282
35 384
179 64
33 195
201 163
81 375
355 196
291 325
363 95
8 349
254 332
321 170
98 224
235 336
153 336
224 370
382 148
19 302
261 181
312 373
133 67
57 240
147 253
315 1
327 72
309 314
257 110
158 178
28 186
291 335
76 110
355 365
173 153
310 157
161 174
238 339
288 1
73 339
177 244
165 325
286 121
37 113
27 80
195 378
289 117
186 385
307 83
283 193
224 257
243 345
144 86
206 228
398 22
49 117
84 305
372 5
170 273
139 220
355 125
48 274
129 247
297 226
123 263
59 361
310 397
249 167
69 193
187 180
1 384
255 230
145 93
45 109
125 14
25 291
387 45
333 149
200 239
109 238
227 7
142 13
147 380
159 107
17 72
374 18
385 267
196 293
328 307
245 24
270 181
1 380
69 100
258 199
358 172
286 365
322 238
59 243
378 330
8 242
44 215
321 128
185 12
296 207
270 45
171 349
33 30
61 104
129 14
328 112
346 66
59 375
126 383
68 131
79 168
179 77
332 336
178 258
142 387
201 385
22 58
98 344
320 240
384 196
221 59
384 341
156 114
169 315
52 361
81 215
386 348
16 180
58 368
316 66
276 172
129 136
284 272
174 323
74 291
56 45
235 214
47 151
321 141
263 225
313 386
162 15
16 144
227 367
179 212
301 350
161 83
342 67
322 308
358 24
66 12
172 201
338 90
233 171
388 346
234 236
98 249
312 124
179 2
208 389
342 205
208 262
170 316
388 271
8 397
161 397
224 18
39 101
155 286
259 183
235 39
199 186
271 63
196 41
72 116
204 233
387 326
76 201
19 91
285 86
108 214
21 380
327 292
389 200
112 349
158 208
19 102
350 175
103 88
60 214
16 312
244 293
103 225
95 161
105 307
248 214
88 237
117 271
393 396
347 232
104 149
229 242
150 328
345 341
230 367
58 285
279 206
148 97
86 374
96 389
356 161
73 234
131 350
297 192
315 187
216 243
400 144
296 362
375 4
242 43
21 320
74 290
99 399
135 213
188 204
118 86
54 384
381 331
156 282
247 386
97 18
257 16
122 187
44 349
239 8
348 374
389 189
298 339
278 72
397 393
288 69
68 37
45 296
174 67
307 30
147 219
101 48
19 168
340 2
375 37
384 342
69 131
78 176
398 372
307 273
380 175
294 366
267 347
4 216
377 9
191 313
340 223
353 187
396 156
78 236
226 67
318 23
30 327
387 349
321 262
380 97
279 111
27 369
160 198
139 399
100 257
162 10
340 11
215 118
264 395
52 80
35 277
397 168
49 191
233 307
243 378
223 100
275 230
121 138
229 297
309 127
75 232
39 283
305 40
20 311
1 194
353 111
317 390
276 142
104 243
268 80
299 82
244 128
139 204
218 260
87 285
171 369
309 98
248 328
19 153
159 153
165 9
191 90
74 208
19 178
144 126
189 40
54 299
287 87
149 212
77 238
42 219
72 35
381 65
21 107
251 351
294 373
212 233
164 326
288 121
127 168
338 295
236 173
234 303
218 97
73 81
261 345
338 92
100 313
389 275
250 345
208 339
105 204
375 62
270 232
145 381
67 38
139 140
222 377
212 387
48 251
72 136
251 85
114 55
228 9
361 49
339 287
282 369
377 89
353 327
33 264
393 274
294 278
240 120
24 200
216 234
350 86
224 68
292 320
205 112
116 162
177 360
62 31
9 303
28 84
273 278
247 205
9 114
249 115
335 52
226 174
297 284
204 242
209 229
187 105
197 47
127 383
124 103
250 249
190 280
217 396
275 266
183 380
308 315
197 218
101 104
363 26
184 301
270 105
229 78
325 217
119 384
327 164
209 107
330 353
198 379
79 313
235 27
234 327
370 153
249 366
130 13
297 80
371 72
202 99
246 86
91 103
287 50
186 266
376 242
148 142
146 219
358 200
260 315
225 127
271 339
19 15
286 395
189 321
74 346
399 312
294 325
344 367
7 381
43 46
243 221
368 205
310 88
243 135
220 192
267 316
15 369
166 27
76 47
48 114
69 3
268 49
327 142
45 244
217 174
217 7
34 241
59 319
40 103
128 33
236 378
165 232
196 296
202 339
64 314
290 90
68 167
72 215
370 0
120 181
53 137
245 368
221 258
28 349
147 47
335 351
58 186
231 32
252 98
85 6
313 62
265 223
315 53
66 258
75 180
225 73
105 112
362 55
242 225
359 160
333 238
36 230
292 383
192 352
252 263
236 123
153 134
66 277
107 248
297 23
356 120
170 278
19 247
310 391
104 180
267 172
263 295
271 299
292 358
399 125
261 326
128 256
145 136
230 71
2 106
209 101
9 187
279 197
134 105
128 340
295 400
314 75
176 336
196 313
323 116
147 116
377 359
152 255
224 135
303 124
39 103
269 390
277 258
149 207
43 117
279 67
319 315
399 0
191 195
102 14
197 11
277 174
280 139
6 120
176 41
298 125
6 146
237 51
277 397
326 94
212 295
25 307
226 8
154 55
234 72
259 143
208 174
384 357
32 318
287 139
220 29
373 33
154 67
114 388
57 132
393 213
339 268
198 182
22 210
66 232
78 265
364 285
382 278
238 384
379 238
213 258
30 198
5 376
238 83
384 89
70 222
159 343
301 251
320 336
186 1
344 260
305 281
353 115
88 220
149 228
373 61
345 352
77 31
317 156
37 310
393 303
243 125
237 329
150 106
352 234
27 265
123 134
49 133
287 346
65 139
302 288
22 65
378 199
107 147
194 285
87 253
210 209
297 189
148 380
217 383
42 230
247 211
92 92
372 273
159 167
62 312
166 227
133 79
177 200
103 39
369 242
167 301
295 242
70 48
143 55
381 223
156 13
394 87
333 131
243 149
174 346
75 169
300 59
52 289
140 86
371 247
212 147
147 68
333 130
13 238
11 397
392 239
42 316
102 273
16 385
129 286
301 0
358 142
107 342
175 208
232 72
40 226
342 285
28 52
189 107
300 260
139 135
275 215
64 322
91 45
343 2
245 28
20 69
312 235
259 253
369 326
291 324
254 305
377 126
370 139
189 35
118 34
6 166
19 363
47 250
318 161
99 370
6 353
192 122
64 110
35 254
278 47
254 211
335 288
52 320
320 365
209 332
83 300
240 299
191 185
25 229
285 40
155 392
49 29
322 90
208 385
337 250
5 189
232 138
56 372
318 326
391 320
215 130
259 231
43 318
112 228
5 256
265 94
172 153
147 282
271 159
100 146
270 72
253 294
373 165
322 275
143 169
249 354
52 385
208 241
33 342
286 62
98 281
13 67
184 235
47 192
226 314
249 224
372 3
222 67
135 104
94 286
237 237
67 132
141 333
10 38
312 155
261 92
329 371
36 373
335 397
186 205
155 191
135 102
383 289
31 85
226 191
292 104
156 48
331 6
232 146
47 124
19 356
84 128
166 379
149 59
19 167
175 64
266 153
202 37
233 236
249 184
130 170
243 304
226 90
9 400
42 132
180 328
174 66
93 165
374 66
123 65
67 259
320 366
285 105
212 373
357 33
255 92
325 295
134 153
288 278
180 286
306 145
124 43
237 399
247 4
247 288
257 309
382 192
356 192
265 1
385 50
329 295
159 166
267 132
279 270
367 70
161 269
299 215
325 165
81 151
31 108
338 200
7 39
144 186
376 340
328 269
307 183
42 361
121 399
354 350
243 77
35 161
210 32
324 363
128 176
253 95
289 348
32 56
113 337
107 37
276 381
292 342
324 246
121 30
164 244
382 192
43 368
316 303
151 6
266 26
148 380
387 298
362 4
58 271
289 157
391 75
295 71
294 387
262 102
263 287
251 127
387 391
146 153
177 237
340 253
54 396
50 41
297 113
333 210
168 310
247 86
272 306
152 364
392 291
88 293
216 294
137 70
11 233
72 165
48 110
287 258
362 96
355 307
87 69
32 287
161 267
106 139
227 50
186 158
3 357
221 24
194 224
4 212
98 280
364 339
154 142
341 339
61 74
92 272
225 117
343 347
110 209
100 253
304 266
141 362
286 6
305 243
125 25
310 165
127 317
259 186
317 27
143 378
153 14
334 343
138 80
62 91
202 6
75 355
57 301
316 357
151 14
46 76
131 78
157 135
216 119
294 245
176 141
19 76
79 308
183 128
19 40
275 147
93 213
297 181
199 380
370 312
269 33
67 325
123 268
268 131
170 252
98 32
52 30
151 330
230 19
223 57
271 202
346 307
139 45
7 339
360 195
290 372
20 69
78 381
11 379
113 304
36 390
212 363
23 240
48 353
308 135
2 127
168 31
36 363
142 119
330 101
203 82
127 3
355 73
36 121
39 15
20 176
275 311
48 374
62 302
308 246
225 95
78 103
264 364
37 368
45 391
137 1
143 15
154 176
20 95
120 212
101 369
240 90
315 298
14 322
341 108
27 397
191 387
302 260
78 175
192 23
301 163
214 327
24 313
242 358
297 269
70 310
152 42
106 39
63 350
76 121
271 240
350 239
279 181
12 329
396 381
373 272
24 25
318 255
26 253
284 364
315 69
387 279
188 366
155 204
122 142
300 28
89 352
235 56
350 390
281 134
169 163
51 58
194 33
324 397
373 141
179 97
138 364
76 393
279 306
390 344
263 19
167 60
337 115
268 187
340 396
385 187
185 96
249 375
80 317
266 145
398 269
273 392
272 127
333 261
270 144
46 42
320 189
126 387
283 277
319 326
278 116
152 285
146 382
300 252
263 315
272 348
330 347
52 230
178 396
60 20
272 140
99 37
178 299
318 341
337 205
95 158
351 272
395 93
192 152
102 133
372 185
335 260
140 128
137 166
57 23
142 76
227 35
152 212
247 258
10 104
96 272
144 269
309 388
385 336
265 223
118 261
195 255
290 259
48 269
347 144
43 184
33 48
28 210
269 167
111 220
189 235
86 357
244 160
337 83
386 239
234 331
128 365
237 278
214 335
149 211
3 24
151 390
168 187
68 133
35 354
112 346
344 251
208 219
250 104
98 203
177 258
185 185
391 187
379 228
133 377
29 116
85 214
265 273
292 169
312 196
315 89
223 4
232 334
17 307
218 395
300 370
358 52
116 91
131 171
389 314
139 52
339 344
374 174
66 190
234 75
338 373
215 248
239 275
2 125
108 365
222 240
194 356
120 258
380 305
336 275
251 263
81 99
271 117
222 250
70 382
305 183
223 356
180 364
230 308
239 313
244 336
345 97
180 34
161 96
304 146
284 173
125 285
218 236
319 255
156 394
282 395
158 74
15 324
131 6
337 84
11 314
11 74
63 95
169 216
148 389
13 248
24 217
89 142
192 374
395 102
244 257
215 92
45 62
308 303
100 20
128 340
137 17
145 396
389 332
86 304
27 172
204 227
13 198
116 306
100 291
258 114
256 17
26 351
5 267
250 19
62 16
125 170
197 328
29 12
355 286
0 2
230 309
323 290
171 225
232 265
106 179
374 171
244 243
237 324
60 334
107 261
99 160
248 208
328 151
98 137
212 219
327 324
369 139
39 236
77 70
101 142
261 313
59 48
216 238
294 35
81 208
54 237
147 178
397 128
75 388
351 123
336 34
292 114
287 218
361 349
284 63
110 306
201 343
81 33
56 149
141 26
150 80
106 98
250 89
62 105
249 259
58 394
392 116
398 185
155 255
137 99
243 300
45 323
19 198
279 88
399 123
348 203
180 82
75 18
400 281
366 381
158 291
370 88
223 147
32 142
35 79
70 286
193 292
138 344
283 268
356 231
104 166
1 39
14 245
353 293
288 293
147 251
263 253
64 261
214 342
288 196
73 287
59 193
398 245
81 214
187 93
373 79
177 177
224 359
152 4
13 341
124 375
386 315
237 152
152 12
113 151
145 0
70 332
14 390
251 61
187 157
358 266
102 33
133 25
267 353
286 362
285 171
114 327
146 236
376 275
197 127
91 51
168 208
226 372
106 213
354 239
95 324
19 153
65 22
98 398
32 286
6 53
313 275
306 138
235 104
342 326
135 6
375 230
293 252
122 329
143 394
46 20
81 108
340 53
318 219
400 161
216 308
295 116
184 29
17 182
171 278
179 285
25 229
120 48
345 93
28 358
365 204
374 304
360 86
55 314
7 377
47 149
168 255
392 297
66 356
213 47
316 227
392 186
365 324
154 236
114 284
332 23
15 388
181 1
219 66
372 64
194 279
10 362
219 1
293 54
335 82
399 87
212 23
79 100
324 303
302 32
69 327
268 218
339 105
315 372
104 312
304 134
53 93
354 283
178 386
166 247
158 282
237 384
231 319
298 280
223 139
360 255
259 364
89 113
349 377
70 72
284 208
67 222
270 272
299 272
241 134
104 117
41 161
194 182
166 323
63 112
49 189
321 37
36 308
44 322
233 324
17 355
189 100
308 20
39 199
68 78
174 394
299 376
212 198
190 28
178 336
82 385
213 175
392 83
307 199
87 49
127 22
48 236
338 16
341 210
185 361
190 399
365 10
118 114
190 286
274 283
358 90
15 331
32 263
192 12
246 302
311 260
239 267
38 184
257 383
120 369
79 354
94 21
78 176
260 58
6 335
140 225
135 52
168 271
343 392
271 397
313 324
127 207
271 340
196 203
375 330
86 209
30 291
110 215
398 117
359 155
353 104
382 98
265 375
229 87
140 212
150 230
181 242
355 194
344 183
283 383
179 209
243 275
132 360
369 347
135 65
74 166
127 283
233 85
391 295
85 341
311 103
136 33
3 109
13 144
100 21
311 235
77 66
28 310
135 247
2 265
197 267
366 115
102 400
169 148
159 271
260 45
350 358
86 270
186 341
143 152
139 38
251 152
323 357
64 165
107 229
73 19
294 96
274 144
249 87
128 28
263 243
326 46
179 390
166 245
35 311
176 181
262 271
352 53
250 346
289 182
110 160
94 243
200 312
318 253
9 351
30 110
345 64
285 47
178 375
109 8
182 334
125 96
242 52
308 161
209 108
268 287
129 66
84 84
34 359
213 194
252 60
4 11
95 115
334 394
147 100
70 174
155 280
235 292
293 229
216 246
296 332
22 237
114 268
389 142
309 146
108 323
273 70
112 251
72 15
297 368
100 234
177 280
56 34
288 192
352 394
90 169
376 88
267 154
331 60
111 311
233 100
140 179
248 220
256 56
120 174
374 223
43 375
66 4
276 216
172 394
221 60
248 373
63 142
150 302
283 40
86 219
112 349
20 21
284 59
322 95
90 20
222 61
92 170
282 392
353 277
158 167
105 348
220 381
1 249
100 176
254 262
183 284
2 384
48 291
299 212
23 234
285 360
150 369
150 244
219 251
317 275
12 269
275 225
373 297
316 30
45 198
17 391
161 311
253 232
245 172
379 243
153 60
44 2
126 179
354 51
11 87
342 102
90 268
311 16
338 12
366 240
129 69
280 208
145 355
1 282
132 104
82 205
206 245
331 14
25 188
352 260
271 162
3 166
188 390
374 163
339 38
171 183
0 41
244 84
329 296
9 349
219 137
280 272
323 375
160 250
145 333
168 257
16 230
197 122
184 306
99 329
34 113
39 318
25 59
160 261
280 210
117 266
46 60
385 91
381 6
227 77
170 6
18 393
189 229
219 268
84 381
262 33
24 282
45 396
157 229
204 253
255 231
159 50
299 123
166 351
93 180
275 41
127 50
4 306
255 18
328 60
388 242
341 235
181 29
180 176
361 337
211 161
316 77
186 243
224 144
270 220
311 139
285 260
61 64
128 247
91 28
326 185
17 295
129 203
71 165
26 203
95 236
166 329
182 55
121 239
207 208
213 112
334 229
381 40
315 30
343 29
114 167
126 81
369 26
263 116
261 1
336 307
284 9
387 345
152 22
82 321
202 246
21 319
347 31
319 380
290 359
371 52
116 194
96 252
176 119
111 353
242 326
187 51
400 339
233 355
397 269
68 344
322 376
186 9
355 208
104 60
373 46
358 165
267 345
206 186
290 387
15 148
78 343
322 297
274 91
159 293
380 144
318 199
288 192
365 170
131 139
119 212
26 347
361 59
220 256
286 247
287 153
251 252
361 393
388 33
68 121
50 104
198 377
156 112
18 7
294 66
102 6
166 222
288 271
367 391
45 158
399 47
56 317
352 285
268 351
96 393
14 161
233 236
5 145
312 153
64 292
90 353
244 290
29 281
190 398
199 280
254 108
318 152
353 184
135 377
43 348
250 55
262 225
178 245
44 140
106 341
44 43
105 224
228 329
155 101
369 360
128 353
288 353
370 184
271 324
8 203
366 18
325 181
209 233
279 19
339 110
20 399
387 117
359 140
351 279
189 387
16 361
84 391
289 141
296 292
51 382
192 399
27 392
323 32
249 71
300 400
210 149
374 256
170 100
9 293
337 154
104 320
160 117
94 334
394 361
399 330
346 306
101 398
151 199
150 261
380 54
33 397
72 139
230 378
264 93
149 299
91 399
184 80
44 337
234 172
327 222
138 285
253 245
121 122
124 39
342 296
213 212
372 252
39 347
237 70
293 279
204 45
284 156
160 346
249 72
152 15
143 121
96 107
59 189
42 329
157 44
3 318
17 322
348 214
375 223
37 191
307 100
20 32
149 399
94 228
173 294
17 313
83 226
294 333
156 307
361 365
285 45
263 235
88 185
295 19
337 343
4 65
204 17
156 384
195 262
236 195
20 264
127 63
103 122
174 395
332 273
287 128
248 384
110 351
119 323
33 373
267 282
221 30
317 124
115 34
397 147
34 243
102 276
157 152
190 109
227 279
49 62
157 109
136 345
360 169
277 221
349 54
329 17
34 192
219 372
142 160
324 57
356 335
195 251
1 266
257 354
58 390
379 60
176 74
371 157
268 368
302 235
18 29
337 170
13 107
302 251
132 363
325 195
237 86
212 321
45 1
293 131
342 295
66 265
91 194
178 145
227 19
187 305
195 154
86 233
156 131
358 388
316 384
266 263
1 310
120 399
221 376
369 330
182 217
283 96
11 72
255 166
180 358
136 48
136 130
151 82
182 297
191 38
60 25
174 232
362 229
74 391
326 375
344 286
276 34
151 56
281 201
321 272
185 366
53 298
274 120
193 231
392 90
103 251
376 163
142 134
91 18
202 349
67 239
188 55
39 202
259 204
262 239
253 142
214 318
298 244
212 106
226 399
303 180
152 142
309 382
397 314
265 195
30 261
32 168
307 145
146 356
96 212
29 111
144 124
292 84
142 388
364 190
350 177
38 28
83 23
68 341
276 142
112 85
277 349
244 220
13 143
268 101
85 260
66 97
304 41
66 390
256 263
304 233
77 293
2 24
120 324
238 14
165 83
107 199
89 15
160 148
387 199
391 384
312 294
206 211
138 103
1 122
153 56
116 286
200 220
199 5
54 291
331 400
221 377
328 232
167 245
141 307
11 101
106 151
115 364
9 345
302 164
18 62
373 79
190 52
91 170
125 135
335 112
290 282
350 51
131 249
362 285
301 129
163 86
262 172
3 282
103 199
271 207
381 48
165 179
220 259
93 388
285 351
192 368
347 300
24 29
266 273
388 228
245 226
356 337
50 222
318 52
8 313
36 100
141 2
43 271
148 250
304 3
111 112
43 43
186 221
208 318
286 148
312 316
315 109
127 387
370 397
213 389
201 11
90 50
218 372
379 364
129 165
33 316
299 76
86 301
391 360
57 282
308 46
220 166
330 209
119 128
366 373
97 96
25 64
323 158
289 269
42 367
116 45
366 124
207 28
173 252
55 141
398 219
290 72
304 29
333 155
378 104
127 170
333 39
359 114
172 208
186 0
245 299
343 371
66 155
361 273
214 90
176 68
127 133
191 357
50 285
46 45
186 220
229 379
196 281
63 59
150 352
32 90
126 398
260 181
131 32
67 265
80 34
134 371
36 175
398 98
381 243
260 219
222 18
117 125
106 10
171 214
17 357
351 305
185 166
314 168
63 286
341 385
79 8
146 127
185 193
286 172
128 306
307 149
184 116
332 27
375 40
158 293
167 165
272 84
377 282
206 40
148 127
381 201
57 175
140 51
171 392
113 171
233 254
256 129
222 113
38 6
65 72
355 120
311 311
342 302
63 314
20 361
363 250
23 60
213 309
358 73
266 395
316 196
96 263
354 194
319 212
12 204
282 247
374 283
87 18
173 43
198 42
80 123
316 6
88 86
288 400
107 119
363 201
191 292
347 268
187 243
175 350
137 309
320 83
6 348
160 227
364 237
191 391
169 105
218 16
327 184
198 398
176 368
250 119
56 5
138 315
300 272
217 322
197 225
50 136
109 39
28 299
91 6
335 89
351 196
111 202
169 40
198 171
220 307
319 45
302 34
182 332
212 185
99 251
7 243
2 244
167 189
177 9
3 73
255 149
12 210
340 210
89 379
94 335
13 342
122 304
215 61
82 367
53 55
61 68
333 266
297 13
256 136
389 101
195 231
253 335
266 120
264 212
56 251
46 97
72 128
364 373
387 216
290 399
93 189
49 339
309 250
184 234
105 371
149 243
190 359
76 290
379 16
215 372
137 238
347 122
216 210
391 348
282 84
205 52
330 111
174 337
93 361
389 307
99 176
348 82
199 333
81 10
145 216
388 221
44 312
162 386
356 313
42 334
152 336
205 358
54 20
213 322
176 326
204 206
100 116
261 2
186 0
394 180
215 265
116 55
327 88
175 174
226 208
302 258
8 2
68 300
362 257
282 27
223 53
142 54
54 36
149 173
383 257
204 272
117 281
96 190
168 162
149 193
161 183
231 116
385 332
371 46
330 188
377 32
191 53
209 226
340 61
112 54
100 153
209 56
112 71
69 83
360 340
17 279
264 371
28 397
135 66
188 234
317 387
345 300
315 365
93 276
161 225
153 315
169 80
141 22
4 115
307 377
260 397
371 60
121 387
43 221
188 396
221 261
151 109
357 170
291 228
6 200
257 88
259 73
199 212
17 338
183 143
223 387
349 305
268 40
113 128
122 291
2 48
35 31
105 195
1 369
352 46
302 25
148 132
330 105
283 231
115 154
394 81
121 107
114 163
63 386
272 311
26 95
371 40
122 379
389 81
93 33
176 11
284 257
83 5
332 191
290 312
82 379
259 146
336 248
340 86
201 330
260 257
173 129
311 175
381 376
393 158
175 260
68 73
318 272
143 311
96 176
236 212
341 147
191 139
138 227
262 281
200 115
384 399
373 181
344 19
273 69
131 133
75 387
160 400
204 22
336 223
362 91
223 291
389 96
378 343
132 102
118 54
229 63
183 217
9 127
95 186
240 128
237 154
321 357
376 385
232 6
359 372
359 91
357 219
125 44
185 82
278 166
234 316
70 193
368 378
253 221
216 321
383 37
37 6
208 327
228 64
44 295
321 338
130 355
62 341
41 24
130 78
378 155
123 64
3 39
329 12
335 300
366 308
217 196
157 304
290 227
270 347
289 301
112 8
365 0
383 382
284 353
397 178
56 225
386 32
167 217
258 58
121 130
216 267
142 19
15 321
38 396
96 332
90 310
378 256
335 273
199 262
282 39
44 73
173 153
158 189
71 306
86 192
190 362
26 379
224 239
72 288
246 365
391 383
265 116
46 95
69 78
144 79
259 187
55 209
19 130
300 366
299 280
356 182
124 209
265 259
375 34
102 397
156 384
387 377
35 199
352 143
120 215
252 265
127 120
24 400
250 379
399 145
80 225
110 5
356 193
361 220
317 376
393 131
387 350
138 91
25 12
215 297
248 53
322 317
290 278
99 27
163 113
104 332
217 354
253 221
240 171
149 88
400 159
182 314
138 242
367 293
33 115
101 78
32 39
150 222
54 391
90 308
81 278
114 319
365 376
282 119
221 193
174 124
54 318
59 223
9 11
330 122
234 324
52 330
278 152
184 42
132 319
90 179
49 175
21 211
398 194
268 320
44 244
231 355
340 287
81 158
162 77
162 165
23 100
285 17
73 281
110 30
210 196
55 182
256 115
247 359
178 262
277 355
46 1
300 122
387 97
346 259
63 296
19 121
48 187
168 206
73 94
103 316
382 15
141 105
0 244
87 219
295 115
156 305
340 389
248 38
94 237
125 125
207 51
167 239
41 181
38 306
112 393
289 233
220 321
320 266
159 219
361 87
301 34
199 382
233 399
322 24
86 193
315 149
172 346
381 294
215 0
270 33
314 292
62 17
122 336
8 289
176 151
317 284
132 44
361 153
90 90
140 334
23 326
193 309
281 373
128 72
303 2
379 64
253 331
116 72
86 396
197 245
345 99
375 200
40 370
393 365
23 38
354 238
94 140
365 270
107 225
379 348
14 291
127 98
289 181
342 330
14 75
380 338
370 76
387 164
30 26
254 24
246 119
106 137
328 331
225 349
148 105
266 248
25 166
281 147
53 393
285 325
329 10
123 120
121 47
306 69
336 42
56 155
356 192
307 349
24 163
251 127
165 183
6 135
287 282
80 266
104 309
161 307
320 228
362 256
51 389
4 143
222 62
78 229
352 307
352 206
83 66
1 372
143 349
317 377
338 269
286 220
58 361
65 76
333 368
334 63
335 118
360 86
126 262
298 380
84 397
233 50
96 361
164 141
356 170
378 62
256 11
393 120
237 191
266 390
315 196
14 345
84 66
288 198
387 174
7 34
351 10
299 13
85 388
213 80
129 162
3 319
154 220
270 260
129 108
154 82
104 218
397 163
2 73
6 25
103 242
170 1
276 29
3 262
357 29
112 184
23 336
334 170
251 14
216 163
324 251
72 24
365 137
170 155
7 209
278 217
293 322
293 311
70 174
121 178
104 231
189 70
128 313
136 111
198 103
314 312
314 307
129 31
258 320
130 61
115 219
238 150
20 282
397 43
209 110
281 192
348 210
281 293
365 241
34 94
233 243
350 120
363 17
109 347
63 111
45 312
316 111
376 279
196 149
175 170
25 19
153 384
175 350
35 147
339 53
274 250
141 276
247 230
57 99
343 41
267 28
42 91
75 161
201 68
376 305
32 61
110 180
44 326
125 304
118 348
59 244
314 160
380 112
137 49
126 388
189 334
153 143
276 223
203 28
4 215
81 154
145 26
311 137
119 303
255 78
378 269
302 57
301 71
314 27
399 278
230 96
62 293
35 150
306 340
231 248
231 204
268 335
202 212
198 169
324 27
320 393
14 52
32 65
385 380
384 22
37 42
28 38
64 305
279 13
57 20
159 175
83 286
210 175
276 0
95 155
27 177
330 394
144 304
159 194
289 104
57 167
264 89
256 79
257 33
143 279
352 384
101 267
31 238
170 255
190 165
275 173
398 279
258 368
300 155
227 200
394 121
54 313
120 212
218 85
114 312
166 217
109 70
50 114
336 217
75 241
345 121
29 35
181 325
370 35
173 33
354 233
93 8
307 110
61 163
1 142
60 96
332 235
245 316
207 61
56 329
181 24
294 32
194 235
195 370
160 352
43 264
323 262
308 20
357 300
136 50
142 367
230 21
116 205
374 29
137 145
136 177
59 43
279 110
44 211
124 102
211 222
383 138
58 279
144 275
316 367
275 306
299 266
336 142
182 103
397 195
139 55
296 138
240 155
394 63
213 106
309 300
326 147
125 360
255 55
130 211
255 286
242 286
96 212
230 282
375 320
270 246
7 225
80 71
252 343
289 50
218 374
183 329
284 244
240 339
19 179
221 388
316 273
226 172
53 215
54 292
310 308
263 61
105 278
87 51
319 141
319 198
103 306
218 380
355 18
177 75
162 198
249 29
257 274
168 246
358 383
345 273
116 81
380 292
342 381
239 203
257 276
354 61
72 34
95 206
305 106
326 222
85 393
103 106
252 169
387 335
176 391
48 266
119 161
333 130
191 136
300 396
174 123
183 285
289 350
271 112
136 41
124 81
180 206
89 72
280 137
4 314
107 357
32 8
332 128
152 292
244 69
159 323
34 28
27 6
227 340
27 318
159 223
279 241
27 116
216 197
316 24
245 319
174 381
97 345
49 22
68 177
357 268
216 282
29 30
361 277
379 32
121 214
354 196
178 317
167 253
270 346
280 343
389 318
69 165
273 371
301 212
125 364
216 346
82 324
15 63
148 54
86 42
236 124
182 58
149 130
162 269
358 288
145 158
56 196
364 374
336 196
387 211
148 215
163 131
393 66
64 335
288 79
171 65
39 193
14 210
353 58
149 150
133 147
313 146
66 194
268 263
113 151
23 389
261 297
155 123
79 275
12 80
324 79
186 221
205 245
32 119
197 142
392 173
261 60
113 25
295 6
18 93
285 173
242 357
294 255
168 386
83 209
226 282
79 289
54 374
118 331
382 338
373 173
95 263
102 397
331 48
332 127
19 172
199 101
171 281
328 204
149 394
34 379
400 166
126 176
345 280
135 331
178 222
358 344
219 324
169 387
300 251
290 103
138 169
347 16
266 348
349 87
334 41
266 210
110 342
295 156
222 94
282 22
243 194
350 134
77 303
367 18
352 135
272 79
12 83
305 356
276 334
26 20
392 352
275 129
334 35
10 357
90 167
158 374
395 391
1 59
40 76
311 54
128 107
54 353
254 38
85 340
295 186
32 262
177 368
127 276
258 179
76 35
218 101
342 260
398 267
97 47
116 270
176 252
378 339
272 384
164 174
142 140
326 80
396 180
102 120
320 15
330 290
77 166
8 267
330 88
199 329
205 287
283 180
277 371
291 100
312 189
327 329
220 306
214 289
292 186
334 39
361 287
364 113
272 395
310 254
46 339
91 160
51 222
253 212
70 78
220 55
97 160
138 76
313 328
274 383
329 367
325 86
370 231
208 127
18 328
276 171
20 96
288 156
30 48
169 27
227 7
321 331
102 108
108 215
45 108
246 87
264 233
203 51
55 397
10 4
88 128
383 329
2 251
49 35
90 196
268 378
185 388
204 138
235 41
283 381
122 283
177 221
11 125
67 42
362 207
156 2
259 235
94 173
57 212
372 371
178 76
303 78
12 96
276 323
110 362
10 383
307 364
164 378
299 277
288 98
119 110
335 242
140 204
170 250
198 284
188 242
284 162
102 76
1 218
70 249
220 47
278 241
281 76
381 156
141 302
267 225
308 319
186 365
145 283
58 20
356 287
144 220
339 239
219 35
226 119
348 10
231 46
357 133
24 250
80 299
306 349
191 110
145 253
207 199
174 132
36 206
244 5
391 39
177 97
99 373
310 109
32 200
337 97
146 288
41 11
173 158
154 251
273 285
112 62
119 364
346 178
297 361
175 182
222 257
132 180
398 275
279 35
3 229
188 158
312 273
65 184
155 235
230 179
251 26
278 158
165 307
253 147
106 136
118 324
316 21
331 245
341 269
184 27
340 22
33 304
49 83
316 132
78 131
239 347
335 105
233 191
316 248
37 36
372 199
375 226
254 173
315 126
216 11
184 161
184 349
358 294
290 158
6 118
276 137
391 271
322 194
19 354
317 312
54 385
156 194
137 93
61 68
282 171
61 275
95 215
324 370
10 52
44 247
65 268
38 101
108 50
287 101
105 143
363 399
31 386
194 19
263 343
96 56
254 387
308 116
121 46
261 251
221 258
18 184
232 187
350 308
114 119
139 230
50 74
87 132
64 198
364 62
163 136
381 137
251 154
51 331
115 103
143 258
147 77
50 375
228 80
11 379
49 138
170 39
392 324
82 370
85 137
233 76
328 328
95 195
350 16
69 27
400 156
227 49
93 114
302 7
330 154
38 247
223 158
10 336
2 160
23 382
16 116
106 234
259 202
202 10
61 202
323 334
85 4
338 377
291 146
76 192
248 18
231 247
267 33
83 114
321 229
93 217
192 307
59 61
347 335
302 329
290 90
247 18
395 344
200 379
384 295
339 4
218 63
204 380
201 25
127 141
87 265
25 70
2 67
363 370
27 376
293 157
386 175
337 312
386 304
235 85
258 148
199 159
317 90
348 338
273 397
277 117
166 302
49 387
352 36
322 74
249 5
170 249
276 180
187 300
257 117
230 134
236 233
319 341
176 194
75 193
328 246
19 189
32 7
298 111
54 101
334 29
255 226
126 178
109 30
8 32
311 187
128 8
335 186
291 304
140 389
216 193
227 345
128 238
66 49
241 270
309 109
218 312
309 168
396 280
69 11
36 276
156 178
370 145
33 278
156 290
78 80
6 191
266 121
196 355
14 161
146 232
29 164
108 173
294 354
344 107
115 324
12 165
204 231
264 242
267 306
33 30
139 258
86 266
372 86
90 48
397 1
59 144
32 381
334 5
107 225
13 334
46 332
341 170
145 300
255 126
299 171
30 88
282 6
95 19
362 11
67 386
33 265
388 187
174 195
96 364
198 156
73 157
235 30
101 208
356 235
55 267
79 101
277 240
244 369
358 320
221 202
217 290
381 202
102 168
43 285
27 377
101 145
103 251
340 39
164 147
47 19
33 342
106 320
389 83
0 207
246 129
366 277
259 17
222 266
80 121
378 19
312 233
296 245
25 132
131 337
360 229
157 33
6 290
108 18
165 92
356 331
58 47
152 107
322 327
241 4
136 309
348 353
241 181
397 285
264 114
123 247
47 127
344 371
396 298
53 386
366 54
397 257
198 310
92 370
368 54
131 33
222 24
367 350
167 144
45 42
63 64
94 311
105 374
365 305
372 184
81 381
56 29
290 191
66 374
210 30
17 95
345 227
114 32
132 295
178 297
33 148
305 351
353 164
347 81
222 90
286 210
297 16
128 335
305 218
299 138
321 153
300 1
396 376
341 224
237 399
386 300
86 245
152 240
347 172
301 266
259 235
145 154
81 159
393 206
268 43
125 356
148 125
96 174
398 159
250 141
355 242
177 8
265 351
193 67
92 279
136 313
379 399
235 92
72 208
188 252
288 24
208 117
6 361
226 252
115 53
29 228
151 5
362 146
175 1
208 68
112 261
66 215
131 101
153 310
178 205
376 72
60 187
363 374
227 154
114 195
111 276
373 262
183 70
190 213
369 173
154 235
173 313
109 292
27 160
290 230
364 25
84 336
124 170
256 6
48 265
337 291
61 383
166 232
283 69
285 58
42 64
360 9
83 322
262 171
259 172
245 312
366 286
70 173
49 327
307 387
357 168
327 307
30 366
64 388
201 349
264 111
387 75
90 21
331 39
283 316
325 316
85 224
275 162
370 265
153 287
270 76
121 107
340 221
68 386
326 87
398 158
381 145
193 187
37 188
292 51
222 200
201 92
135 295
346 189
94 193
265 342
39 69
139 348
90 135
219 59
305 306
382 39
195 1
338 369
381 286
263 304
345 229
231 272
15 252
97 100
243 358
27 161
335 188
116 313
198 281
253 284
141 41
23 377
321 48
300 366
16 70
246 339
240 344
41 68
375 291
289 103
364 118
178 304
51 69
286 11
302 352
308 359
37 339
328 286
50 173
12 156
140 102
106 325
344 39
388 2
49 39
307 38
116 36
217 79
212 171
184 105
382 81
387 136
255 360
53 179
83 77
372 67
86 34
201 253
275 120
263 223
353 391
135 13
242 351
329 369
253 157
347 154
316 180
261 157
322 245
359 95
340 368
284 348
132 360
341 169
69 253
168 250
118 344
212 259
395 217
196 170
330 70
214 33
114 313
386 178
163 210
380 184
208 257
370 26
169 248
103 176
255 178
337 278
304 107
370 183
226 197
167 297
296 148
88 23
4 197
330 203
122 366
109 40
58 223
140 103
118 126
75 71
48 17
230 227
189 301
355 331
42 100
155 60
31 328
142 234
133 148
282 24
356 100
120 337
238 137
303 349
204 4
228 15
228 185
17 400
272 357
41 244
130 272
171 252
73 24
231 83
375 287
4 363
97 151
257 364
185 182
317 374
195 255
130 294
45 302
384 325
309 80
249 301
63 368
255 140
363 96
287 71
70 119
3 45
306 111
396 27
211 149
190 59
186 10
383 343
252 34
179 63
235 80
43 253
347 324
343 215
256 67
260 128
345 283
109 268
222 169
169 198
62 166
195 188
61 143
85 207
65 113
243 342
234 95
252 264
173 341
266 29
63 172
127 364
92 266
48 341
213 314
318 309
106 296
389 141
355 77
71 27
122 356
342 214
337 107
71 226
70 159
33 283
47 316
127 393
193 219
226 335
328 19
214 365
276 187
306 152
285 122
199 379
303 326
112 6
92 310
257 329
237 378
201 24
257 321
222 44
389 16
40 146
160 287
92 39
18 58
226 201
103 286
260 100
258 157
120 36
335 341
354 188
93 266
346 307
220 190
259 266
146 204
332 316
193 58
157 67
217 360
346 12
244 357
318 49
287 16
352 151
221 20
385 14
125 97
100 60
332 314
157 360
293 110
250 127
231 144
225 149
162 28
153 395
245 121
187 104
170 200
59 267
209 280
253 342
43 217
331 81
330 346
298 46
293 34
228 266
201 224
78 26
280 4
270 14
233 105
35 355
287 360
394 193
233 370
28 183
326 201
8 141
196 103
182 363
167 250
250 121
106 338
125 165
13 29
66 103
185 308
253 21
96 284
121 91
332 346
184 142
312 154
84 359
70 139
25 222
281 209
259 325
156 320
8 373
200 262
225 74
330 306
328 83
29 237
314 113
350 134
58 215
361 258
129 180
361 327
19 275
41 103
142 189
239 234
132 142
154 271
182 163
81 43
162 266
387 268
222 351
319 269
34 338
7 202
17 12
367 50
224 340
138 220
184 323
129 129
334 279
253 11
57 144
268 81
197 135
352 31
393 44
111 19
346 308
369 63
309 214
107 326
289 289
282 225
163 187
261 165
74 12
193 216
244 149
59 199
275 61
213 57
260 357
52 327
324 131
272 329
22 357
366 41
4 9
290 86
185 245
144 325
303 325
209 383
69 106
27 369
277 309
185 61
373 75
342 350
208 166
138 224
20 315
140 282
327 61
376 232
73 107
263 351
147 240
264 243
233 127
170 6
354 305
199 113
182 79
269 39
89 249
164 108
377 382
91 269
165 238
130 101
141 251
76 158
112 399
42 134
354 222
256 371
259 81
7 214
65 176
327 369
137 189
250 10
76 64
397 12
15 228
237 260
127 261
93 152
151 71
144 219
166 231
0 119
60 311
264 236
110 337
240 333
240 245
399 43
47 51
273 220
249 259
91 329
219 76
117 362
181 4
217 259
235 4
279 307
293 124
62 398
357 262
283 147
87 351
322 378
72 372
136 90
383 390
76 14
237 80
351 269
389 41
133 241
58 246
296 25
111 108
193 133
151 395
77 295
65 356
324 358
255 295
156 24
302 4
295 118
180 269
357 374
299 172
41 321
163 221
330 389
84 387
189 14
260 359
351 283
131 248
57 389
284 106
159 278
247 17
119 369
25 286
41 297
121 31
3 70
137 228
357 220
203 59
332 122
121 329
169 150
125 321
398 164
250 390
387 148
396 175
59 368
53 353
125 370
304 363
296 83
90 76
257 375
358 266
121 121
287 375
61 400
243 28
72 340
200 286
343 169
386 18
53 155
379 126
156 389
312 169
116 11
377 127
193 45
208 330
