33
54
76
96
122
123
296
371
563
381
405
2087
478
481
493
536
556
591
603
163
611
652
2423
713
6263
779
783
785
864
3581
928
951
959
1077
1115
1141
1189
10009
1273
17117
1703
1799
1809
1837
2077
2101
2263
20399
2519
2537
2592
11
2623
2853
2993
3097
3149
3341
71
3378
3587
3875
911
3977
69313
4146
4163
4331
4374
4401
4404
4570
4768
4790
4938
4961
5052
5311
5316
5388
72481
5630
80473
5682
5744
5770
5930
5963
6021
86269
6078
6403
6419
6465
6533
35221
6667
6683
6697
6847
7025
7093
7232
7404
7572
7775
6899
7994
8003
8196
8321
7481
8829
8917
8985
8991
997
113
1049
9290
9307
9313
9426
9509
9653
1511
9726
9751
9947
2467
42
120
290
342
374
498
520
283
618
3559
682
738
759
762
822
861
882
6619
960
1071
1239
1287
1288
1335
1370
1404
1464
1491
521
1510
1534
1608
5347
1840
1876
2233
4201
2288
2300
2332
2345
2398
2408
2516
877
2667
2676
2714
2737
1301
2865
2871
3100
3132
3185
3213
3468
3484
3536
3550
43
3657
2749
3689
3706
3808
3942
4919
3982
4066
4122
4155
7211
8017
4250
4334
4365
4472
4512
4514
4539
4598
4600
4655
4719
11113
4978
5019
1213
5083
5289
5343
5551
5840
6014
6039
6063
6096
6102
6174
6192
6251
6447
6579
6696
6715
6721
2039
6808
7007
7021
4111
7046
7074
7160
7220
7300
3331
7618
7680
7705
7749
5003
6011
7809
7832
7847
8029
8208
8232
8404
8496
8515
8642
8648
8750
8823
8905
8955
9062
9159
19
9280
9361
9452
9464
401
2221
9686
9772
390
690
966
1995
2010
6661
2190
2220
2604
2610
5
3192
3720
4890
4920
4980
5250
5330
71
5865
