29
31
37
211
41
239
43
47
641
53
59
101
61
67
21559
103
1009
1013
1019
1021
229
109
1481
113
1493
58031
58043
49391
21557
227
31699
21569
31667
31687
593
1499
233
1213
4649
1489
21563
31663
1217
4657
1229
1231
1237
132371
132383
132403
6719
6733
6737
1487
4663
1223
7027
7039
7043
1483
3821
3797
223
66601
66617
66629
80191
31873
57901
57917
57923
1511
140521
140527
140533
140549
140551
151169
151171
151189
151201
151213
3793
193243
193247
193261
440821
440831
440849
440863
440893
4651
440911
440939
440941
440953
1296983
1297001
1297003
1061
558083
562409
290473
49433
49451
49459
49463
49477
49481
100193
100207
100213
100237
100267
100271
100279
3823
171251
171253
171263
181931
181943
181957
181967
181981
13
2351
677
112153
112163
112181
112199
121523
121531
121547
121553
121559
2347
3803
75989
75991
75997
76001
80147
80149
80153
80167
80173
2357
160183
160201
160207
160217
160231
160243
171161
17
509
521
2711
887
907
701
383
389
1103
1109
997
31721
683
2389
1583
1597
1601
1607
1609
1613
1619
1621
1627
1637
691
1307
1319
2083
2087
2011
2017
2999
3571
4441
5209
15413
15787
20809
21211
92723
49417
182009
112111
