7 764321
2 966322
7 299157
7 686201
4 330271
8 520041
7 764015
5 988424
4 231028
5 675953
4 738710
1 260119
8 618908
9 410600
1 890075
1 267392
3 135378
2 112086
4 619875
2 340083
8 312259
2 207685
2 831655
0 884352
3 536517
3 778546
6 859787
4 961109
1 413092
9 987836
0 381981
1 265871
3 977275
6 856627
7 952719
0 381567
2 448345
1 977745
8 931829
0 235181
4 124487
1 179589
9 586183
7 495528
5 778931
7 296231
9 527331
6 881430
7 193857
5 366983
3 152865
4 564506
8 436153
9 864724
7 914379
8 638122
5 278648
3 694666
1 854002
3 215162
7 413834
3 535365
8 984254
5 309526
8 911146
1 607051
9 796694
5 836990
9 765085
8 743873
4 215675
3 976366
7 915396
2 909334
1 707249
7 139244
8 803335
5 118249
4 196857
6 466062
8 346892
7 213746
5 395314
0 946731
2 471268
6 304548
2 640936
8 486969
5 954449
1 528833
0 317649
4 187253
9 478778
7 422708
6 480453
2 623449
2 417376
3 608968
4 552644
3 320831
0 574761
3 866476
4 456560
5 927179
0 393005
3 828531
8 927482
1 598557
5 664324
3 435528
6 228895
0 362072
2 556237
8 140377
1 944480
1 887402
6 516318
4 976428
3 501254
0 710697
0 289119
6 450573
7 200632
8 134842
5 728044
0 142634
8 794660
9 251346
8 492890
1 987663
0 139548
8 480875
2 643230
8 708566
0 275628
8 300360
1 702488
4 295730
5 717523
1 825248
6 901158
9 245343
7 318524
3 232163
0 335766
2 654661
6 103901
3 554977
0 888709
3 147762
6 429225
9 772195
4 818108
5 373318
0 904773
8 759461
3 602342
9 288940
7 609080
4 987606
7 890493
6 648457
5 388835
5 648124
8 123196
8 863140
6 263580
1 244027
2 727985
7 304448
0 940539
2 191188
8 394718
4 133360
3 567090
0 734114
6 457440
0 131681
4 480374
2 807607
3 574344
4 465498
7 501539
9 550317
3 253485
4 831671
4 178686
6 180807
9 789124
9 977558
2 561826
7 487932
0 333001
0 934347
6 696607
9 848489
6 769174
7 553631
7 614200
1 795279
7 101272
6 417543
1 710137
0 131861
7 833748
8 853330
0 931476
5 271834
6 607984
8 841946
9 650226
8 842215
8 701752
4 920735
7 122297
0 416009
0 774633
7 128985
9 602779
1 747588
1 140365
0 864921
1 934210
4 208691
9 107337
8 356990
4 399186
9 697793
0 896845
2 290034
5 658808
3 958249
2 941194
9 382530
4 533410
2 638353
5 517264
2 272502
4 967969
5 709964
1 457599
3 634789
2 185905
7 518162
0 413660
6 448756
6 588535
8 641542
3 593622
6 123198
3 952038
5 443392
7 212774
8 486888
7 384765
3 108323
0 399586
6 884699
0 381242
4 702953
1 776423
1 799716
0 218621
1 417269
0 325325
3 335835
9 617494
4 900773
2 431749
7 783816
4 513791
3 510416
5 991844
1 926732
5 346444
0 128847
1 947973
4 558422
0 188049
6 300821
2 381411
1 383221
1 293113
7 880485
4 230588
2 315469
4 963396
7 446577
2 631422
5 516319
9 263262
1 244801
8 936059
8 159683
2 344791
1 131923
2 180289
4 591975
4 365886
8 621995
8 520131
2 392275
0 567552
9 666030
8 188294
2 365752
2 295183
2 862796
9 735899
4 256292
3 618435
6 254184
9 296716
5 425301
8 762962
8 918040
5 229778
1 317792
0 370172
6 781567
7 116762
8 554512
1 432794
2 234577
4 815525
3 983476
6 866716
9 477355
4 498267
8 491477
3 654354
6 583558
9 404102
9 747832
2 244198
0 446358
8 358556
0 366014
6 905875
8 912217
8 346360
3 880047
1 501553
8 845078
6 115511
5 887787
5 542725
4 880758
7 738960
5 794906
4 933542
2 517384
0 983875
6 850407
5 836350
4 371159
9 126543
3 630008
0 632702
2 503866
8 460264
4 129473
1 921340
6 743190
5 520422
8 201982
3 697924
7 477401
4 572147
1 657371
4 145745
4 958617
4 477503
5 377639
3 124767
9 892219
2 278371
1 572672
0 909714
8 551669
1 821710
5 658727
0 514695
9 918544
3 254583
1 878367
7 332465
9 165603
6 651552
1 703775
3 145322
2 916525
9 190650
8 917212
7 601448
0 641522
2 256177
2 852094
8 200631
4 803672
5 698624
1 558317
7 919068
3 105678
2 790525
0 229755
9 202016
5 819430
5 685376
8 339340
8 487788
9 398713
1 655742
3 991477
4 772695
2 459064
5 595402
7 567573
9 544486
1 973703
7 884139
4 615211
4 466901
4 983178
7 186233
3 347562
1 932186
6 223791
5 242485
1 858774
7 800492
3 845695
1 381160
2 413811
8 278573
0 368896
3 937666
0 414434
2 425494
9 846823
2 428310
9 649462
2 264880
0 467607
2 663689
1 737525
2 998471
7 509234
7 903957
6 512718
7 151871
0 157223
6 158712
0 769927
9 688289
3 506079
7 576104
4 824985
1 501580
3 833670
0 423344
5 272257
0 116363
0 345189
8 805865
9 844375
2 852463
2 719344
8 534145
0 542801
3 830989
0 524586
2 568063
1 142101
8 877118
3 468595
2 182737
4 489104
9 997925
5 208889
9 248872
3 163124
5 217023
0 809742
4 504980
7 572171
2 137250
2 433873
4 810719
9 755860
2 544483
7 684294
6 716389
6 482136
5 275335
8 334372
8 564737
7 599145
1 563168
3 679960