10 13
11 17
17 16
11 12
6 10
3 9
11 12
16 19
11 5
19 16
10 16
16 3
18 14
7 4
14 15
11 18
14 13
7 11
14 22
7 11
12 10
11 17
14 14
13 17
15 12
18 19
19 25
16 10
3 16
22 19
18 12
15 14
14 23
18 16
21 12
20 10
12 16
19 20
20 12
5 15
13 13
21 18
12 19
22 11
17 18
12 11
6 15
12 12
24 9
18 17
18 9
17 9
7 15
17 14
13 20
6 16
21 14
21 16
7 12
4 13
13 10
11 16
14 18
11 14
8 14
1 18
19 22
12 23
11 20
15 17
12 14
16 21
10 23
7 21
11 18
9 14
8 14
12 13
24 12
8 16
14 18
14 9
16 9
12 18
17 11
13 11
19 9
26 16
18 17
13 16
16 14
13 13
22 19
17 6
15 9
15 13
10 18
17 20
15 11
11 6
15 15
16 21
10 16
12 23
14 6
8 19
8 24
21 18
13 12
16 11
15 19
8 12
14 14
14 8
8 21
14 15
12 12
19 17
6 11
14 16
18 12
13 11
8 5
13 9
6 19
14 6
15 17
14 7
17 15
17 22
16 14
21 11
6 12
11 21
21 9
3 9
12 17
16 10
9 16
12 17
9 15
10 11
10 13
7 10
16 14
12 16
10 4
21 16
24 16
13 14
9 15
13 18
10 16
18 7
10 20
10 22
5 12
17 14
0 23
20 16
16 17
15 19
21 14
9 16
9 13
7 15
11 13
11 8
16 22
12 11
18 12
18 10
24 8
6 10
6 21
8 12
9 15
10 10
15 11
13 15
14 13
18 18
14 9
15 6
14 13
10 16
19 17
23 1
13 18
20 21
20 8
19 14
4 6
13 17
22 12
17 24
11 23
12 11
3 10
20 19
4 9
9 15
9 10
12 8
18 15
8 14
13 17
19 6
13 21
19 13
13 8
11 11
9 13
14 12
11 12
10 10
16 14
16 17
16 15
17 22
12 7
16 14
5 14
7 19
10 11
14 18
16 20
19 22
22 18
13 5
21 14
16 21
9 19
13 8
7 9
9 19
7 18
14 4
24 22
13 22
19 20
19 18
22 6
4 19
7 13
17 17
18 16
11 11
17 10
11 13
13 14
9 16
12 11
24 18
20 13
6 11
20 20
23 21
12 8
12 14
14 15
22 17
8 12
12 17
10 10
16 11
9 22
10 16
19 9
22 11
9 17
11 6
21 14
11 18
12 13
17 13
16 23
11 15
17 13
9 5
13 5
11 8
13 6
17 16
16 10
14 14
15 21
16 17
9 9
13 12
10 11
13 6
12 20
14 18
12 16
15 4
19 9
23 13
20 16
16 16
4 8
16 12
13 17
6 15
14 18
15 13
13 15
19 19
20 21
9 17
10 17
10 14
22 9
6 9
17 15
1 21
17 18
10 19
10 10
20 14
10 13
12 10
14 15
15 13
11 15
18 19
19 15
15 16
18 18
20 12
12 15
21 13
3 8
14 17
13 15
15 15
16 16
10 10
13 21
10 12
7 15
15 12
8 11
12 20
7 7
22 23
16 9
23 13
12 21
24 11
10 16
8 20
21 19
16 8
6 19
17 9
10 11
11 6
12 8
14 14
12 10
9 17
5 14
5 19
8 7
11 11
22 15
12 11
15 11
9 20
16 10
18 18
15 11
22 13
16 11
20 11
11 17
15 14
11 19
20 12
9 10
19 16
12 18
10 21
13 14
17 22
12 11
15 6
12 12
12 17
9 8
11 17
15 6
5 17
12 11
11 9
13 15
9 19
7 5
8 18
19 16
15 14
9 24
14 13
19 9
14 16
6 5
5 20
17 18
6 16
23 19
19 12
14 15
20 17
18 18
9 19
15 10
14 19
14 17
17 12
18 15
4 12
16 10
17 19
13 10
11 16
10 19
10 14
13 12
16 23
6 17
15 22
9 10
10 8
15 17
20 20
15 22
9 11
10 18
15 16
5 13
10 21
14 14
19 11
21 17
13 16
14 24
6 17
16 17
16 8
14 9
10 10
14 10
22 18
19 22
9 18
12 11
16 20
5 14
9 18
9 11
16 9
7 13
14 16
13 19
12 19
12 16
8 20
9 13
13 7
21 16
13 17
9 19
6 3
16 16
16 21
22 6
13 13
23 18
17 18
14 17
11 6
4 11
9 21
9 17
9 14
5 13
14 14
17 9
13 18
11 17
14 19
13 21
15 9
15 10
8 14
20 12
15 18
15 14
16 21