111110002
163317
33132014
323234
120113
221224
452307
111102
323440135
101102
423105316
25333209
663649
350458
57582269
6237558
436468
267168
626578
3303303304
1055636358
5455561037
347358
301335
321000114
4066037
74175608
111100102
333607
3013324
100012
7650135558
4301547
111102
1100002
1000102
11221023
8066218209
74281139
260433278
111001002
240158
771308
101102
110102
403336
340018
2051211206
101578
783149
453216
323226
603067
763518
100002
10011112
272728
644017
202134
111102
10011002
101011002
213046
112013
541333067
313224
522038
110012
5344637
101002
100102
133104
110023
100112
102213
531256
1101124
404206
3135354226
101012
525126
1010001112
31564017
30143425
345267
254617
220013
111102
2204448
101102
510445056
110012
340123425
75024548
1212122014
54387659
3102034
3310324
368419
34343425
111001012
1111112
101012
10101112
402447
100102
6440660748
842679
111012
4311357
220140126
100012
1254546
461437
351056
20312014
313104
304167
101102
166259
100002
111102
456350528
3132014
101012
556568
212234
207148
608069
10111102
233135
411222245
101112
110012
110002
123579
111102
455106
5372741389
1011111102
75268869
3326507
46624617
612537
11001012
503046
131114
4024135
10110112
110112
101101002
542728
110102
100135
1130120134
10111002
101012
478749
450054236
411135
101112
1332368
1100012
101002
203349
10100112
4202141456
110002
232004
122023
101012
440345
606608
101023
210113
431325
110002
2121013
24212548
1110112
10011012
214005
45414537
134119
1100112
613178
630547
4323337
553046
121315
1524147
43040145
10222113
552007
110012
21314345
60151647
312014
157046538
233156
111102
210245
111011102
1110102203
101001002
101203
213134
557519
34345167
210158
246507
165538
3200333304
503326
1355617
100112
546219
424204205
1001010102
534047
7445354209
131024
346528
22022526
111002
2033024
335219
11100112
3033416
530316
202213
212103
110023
2724258739
33131114
202038
340033225
2327004028
10001112
3610317
221003
106335457
405516
343126
11010012
110011012
152369
732319
12402137
2021123
100100102
3300317
503546
143135
1201222013
3230303214
21132516
402235
412016
50501607
10535238
112213
251429
22313314
210023
110012
110002
221003
5525839
111102
111100002
5232436
407039
105557
101104
188521449
110112
440036
113405
5066317
115653748
521456
353255206
111012
110102
1011001102
35103026
101012
630257
371049
750168
355326
332136
231018759
341236
110112
835769
10001012
1110102
111102
656050517
357457179
853219
111112
551658
606537
374028
523147
621067
120589
300303124
23106047
340006
200023
233304
155139
230234
827019
1101000012
355859
442141325
504216
613027
550617
1011112
413305
265437
52620117
111002
716368
1011102
461637
111010112
332135
431315
111012
21333004
131314
102123
407328
100012
306481629
121235
10000112
100112
511308
106167
211103
510637
102315
333789
1210100314
100112
2111023
222203
1110112
224417
102248
30313105
1100111102
11101102
155667
1000110002
1110110112
310224
112223
7453334628
226127
20300334
434345
3120245
140217
176709
578179
1100112
514536
111506
313544106
303405
132032134
243405
4422517
101002
213234
111111102
5323778
310334
111102
121105
110223
11110102
660249
1000012
561327
1100012
2211100113
458629
110102
110011012
321345
342425
5010106
635057
224115
310314
350046
3042121136
2101023
101102
761668
321204
130025
1074508
113145
100001012
1010012
101002
2221234
30103215
826509
713839
332226
132314
1100001112
1100001102
1441100447
111102
1000012
323334
100002
100002
424137
2803252479
1463478
101012
1553137
1000000102
110012
746648
100112
151426
304225
763459
4223442105
131024
211213
313024
110102
1628149
100111112
11101012
317579
411407
440335
111012
3542122446
1100110112
1111101102
110002
110102
1010011002
424121025
101506
110112
5264037
2220302004
160620027
222425
14110035
422037
111012
242415
112003
111112
14033039
130416
101011012
401246
708209
626667
101011012
110002
303445
2252136
153517
304135
433035
200221305
1110002
455336
411145
14214335
312114
211113
26522037
134778
220021013
233206
101110012
143639
101002
836529
110002
322004
6017169
226518
748419
112647
342145
4105326
463055537
11114205
231046
111002
112406
3423414516
116548
403479
734618
245256
602768
47311048
101010103
111012
207829
236228
111002
322224
1101002
1100102
101102
223334
100012
101102
53442246
1646734559
163718
264568
100111002
110103
3012221124
100110012
22031204
101102
123104
2002111013
5675708
1101102
115016
111136
102013
540036
4112341106
30652508
332104
608739
515327
1000112
1112325
202213
867149
162279
367419
1000112
201214
544367
100002
100102
133234
345357
31133114
214145
360127
253138
2202201013
230134
110102
103025
1011102
100103
334035
1000012
110102
103405
433036
331156
124216
1223133124
315028
101102
420236
111102
118449
1244436
111112
300224
233017
210556
101102
881449
17507658
111002
400215
6614006207
1100012
121213
101012
212429
10000112
101002
335415506
65647538
520416
566431678
110112
1301324
1010111002
122014
334225
233215
200224
23103114
200431415
112204
1131124
221134
621458
220013
2136074019
113214
10101012
163338
12234029
202224
201103
762468
301111324
615057
1111002
10001012
1001010112
433135
121323245
321857549
804219
173469
2121211223
115237
414235
32203114
110002
303345
1011011012
1111112
216339
550714168
742668
653789
102203
253306
1111001102
820279
101112
113024
338259
121435
10010012
221013
22023024
1111010002
11000112
417442478
110112
202304
1110112
101012
203004
443446
101112
100112
11011002
101102
101012
400105
43511347
2436850729
120023
110002
110117
111002
101012223
101113
110012
231214
212204
474279
3111333546
101113
313839
110002
545508
371769
11000112
514536
6303331127
1102123
437549
22231124
114017
551317
110002
1011012
543517
1624565517
111102
311144426
2435254226
322345
1320234
1010111102
744518
303436
202121013
111002
100002
220405
413025
121012103
11000112
1010112
734758
221003
101034
111102
62717139
307289
101112
560107
5044138
125436
110203
351347
4143105
123305
111012
101102
43311337
5536007
1043442247
2122111213
774228
2322301004
1221223046
221215
203104
4244569
341248
143235
184809
530058
205778
100112
525448
10214045
1100102
303627
100001002
100002
100111112
1100102
113147
453046
2321022389
10010112
403489
111012
100102
865219
111112
2738779
111112
441005
37043059
110012
442420025
110225
6226452117
3367331238
623237
210131114
15236578
222627
211213
20050178
313134
463708
711633658
664439
344325
341145
11010102
331447
110112
265415567
100002
102435
10210113
444315
1000102
350556
1221012003
1001100012
12301224
133234
740668
2041345
100012
351237
15305446
1111010002
21211234
330115
341025
415647
112023
101102
101112
554306
210764369
7313006458
4137631178
101002
480009
646085489
111102
111112
212213
11100112
221003
5231152516
110102
341223335
1001001002
11001002
316117
111102
261178
1144576449
1110000112
4335567
123135
103226
3207138
7706508
111002
111102
1111102
1000002
111012
554413457
767049
332034
124031335
20121225
303035
10111102
442202215
101012
1101002
200213
430142156
121223
1111002
13133034
105456
100112
466047
1001101012
324131016
321004
22100003
2421025
310334
10210324
381659
1122200113
1876109
101012
556047
131025
3131222114
658109
305207
61402117
1000100102
101102
225116
111102
130446
22042445
337519
233113125
302608
1010110102
634437
318659
103014
1101101102
3112124
221014
405068
311225
100112
443142567
1000023
21121113
320224
3314056
111002
111101012
1002233234
1011000102
320304
102215
646019
200220023
442341305
487419
7057324728
223413227
101002
202113
514779
624158
244674428
211113
110002
533137
1110012
325256
277458
2440156567
641648
1010111102
2243354729
2022220223
205046
1120122003
211004
33124145
4435253046
111002
110002
1011010102
111102
102103
1100102
1331336
55444316
647068
4223102105
221003
100112
100002
655239
554042026
730548
212103
101103
110012
213232305
514849
230405
213045
100102
11111112
640457
555126
1000102
100213
221004
471869
615618
6514178
101211203
101002
1000011112
7363768
15152336
11111223
442256
101102
110102
1110110012
304215
220104
100102
1001111102
100112