Id_zdajacego;Id_przedmiotu
1;1
2;1
3;1
4;1
5;1
6;1
7;1
8;1
9;1
10;1
11;1
12;1
13;1
14;1
15;1
16;1
17;1
18;1
19;1
20;1
21;1
22;1
23;1
24;1
25;1
26;1
27;1
28;1
29;1
30;1
31;1
32;1
33;1
34;1
35;1
36;1
37;1
38;1
39;1
40;1
41;1
42;1
43;1
44;1
45;1
46;1
47;1
48;1
49;1
50;1
51;1
1;2
2;2
3;2
4;2
5;2
6;2
7;2
8;2
9;2
10;2
11;2
12;2
13;2
14;2
15;2
16;2
17;2
18;2
19;2
20;2
21;2
22;2
23;2
24;2
25;2
26;2
27;2
28;2
29;2
30;2
31;2
32;2
33;2
34;2
35;2
36;2
37;2
38;2
39;2
40;2
41;2
42;2
43;2
44;2
45;2
46;2
47;2
48;2
49;2
50;2
51;2
1;4
2;4
3;4
4;7
5;4
6;4
7;4
8;10
9;7
10;4
11;4
12;14
13;4
14;4
15;4
16;14
17;4
18;4
19;4
20;4
21;17
22;7
23;4
24;4
25;4
26;4
27;14
28;4
29;4
30;4
31;4
32;4
33;7
34;4
35;4
36;17
37;4
38;4
39;18
40;4
41;4
42;4
43;7
44;4
45;14
46;4
47;4
48;7
49;4
50;4
51;4
1;9
2;6
3;13
4;5
6;12
7;13
8;6
9;6
10;9
11;15
12;9
13;6
15;13
16;9
17;15
18;9
19;16
20;6
4;9
4;11
21;16
22;12
23;12
25;12
26;19
27;12
28;13
31;8
32;5
33;5
34;8
35;12
36;5
37;9
38;5
39;19
40;5
42;5
43;15
46;15
47;6
48;15
50;8
51;15
25;8
26;8
25;13
38;15
39;16
39;13
9;5
12;12
52;1
53;1
54;1
55;1
56;1
57;1
58;1
59;1
60;1
61;1
62;1
63;1
64;1
65;1
66;1
67;1
68;1
69;1
70;1
71;1
72;1
73;1
74;1
75;1
76;1
77;1
78;1
79;1
80;1
81;1
82;1
83;1
84;1
85;1
86;1
87;1
88;1
89;1
90;1
91;1
92;1
93;1
94;1
95;1
96;1
97;1
98;1
99;1
100;1
101;1
102;1
103;1
104;1
105;1
106;1
107;1
108;1
109;1
110;1
111;1
112;1
113;1
114;1
115;1
116;1
117;1
118;1
119;1
120;1
121;1
122;1
123;1
124;1
125;1
126;1
127;1
128;1
129;1
130;1
131;1
132;1
133;1
134;1
135;1
136;1
139;1
140;1
141;1
142;1
143;1
144;1
145;1
146;1
147;1
148;1
149;1
150;1
151;1
152;1
153;1
154;1
155;1
156;1
157;1
158;1
159;1
160;1
161;1
162;1
163;1
164;1
165;1
166;1
167;1
168;1
169;1
170;1
171;1
172;1
173;1
174;1
175;1
176;1
177;1
178;1
179;1
180;1
181;1
182;1
183;1
184;1
185;1
186;1
187;1
188;1
189;1
190;1
191;1
192;1
193;1
194;1
195;1
196;1
197;1
198;1
199;1
200;1
201;1
202;1
203;1
204;1
205;1
206;1
207;1
208;1
209;1
210;1
211;1
212;1
213;1
214;1
215;1
216;1
217;1
218;1
219;1
220;1
221;1
222;1
223;1
224;1
225;1
226;1
227;1
228;1
229;1
230;1
231;1
232;1
233;1
234;1
235;1
236;1
237;1
238;1
239;1
240;1
241;1
242;1
243;1
244;1
245;1
246;1
247;1
248;1
249;1
250;1
251;1
252;1
253;1
254;1
255;1
256;1
257;1
258;1
259;1
260;1
261;1
262;1
263;1
264;1
265;1
266;1
267;1
268;1
269;1
270;1
271;1
272;1
273;1
274;1
275;1
276;1
277;1
278;1
279;1
280;1
281;1
282;1
283;1
284;1
285;1
286;1
287;1
288;1
289;1
290;1
291;1
292;1
293;1
294;1
295;1
296;1
297;1
298;1
299;1
300;1
301;1
302;1
303;1
304;1
305;1
52;2
53;2
54;2
55;2
56;2
57;2
58;2
59;2
60;2
61;2
62;2
63;2
64;2
65;2
66;2
67;2
68;2
69;2
70;2
71;2
72;2
73;2
74;2
75;2
76;2
77;2
78;2
79;2
80;2
81;2
82;2
83;2
84;2
85;2
86;2
87;2
88;2
89;2
90;2
91;2
92;2
93;2
94;2
95;2
96;2
97;2
98;2
99;2
100;2
101;2
102;2
103;2
104;2
105;2
106;2
107;2
108;2
109;2
110;2
111;2
112;2
113;2
114;2
115;2
116;2
117;2
118;2
119;2
120;2
121;2
122;2
123;2
124;2
125;2
126;2
127;2
128;2
129;2
130;2
131;2
132;2
133;2
134;2
135;2
136;2
139;2
140;2
141;2
142;2
143;2
144;2
145;2
146;2
147;2
148;2
149;2
150;2
151;2
152;2
153;2
154;2
155;2
156;2
157;2
158;2
159;2
160;2
161;2
162;2
163;2
164;2
165;2
166;2
167;2
168;2
169;2
170;2
171;2
172;2
173;2
174;2
175;2
176;2
177;2
178;2
179;2
180;2
181;2
182;2
183;2
184;2
185;2
186;2
187;2
188;2
189;2
190;2
191;2
192;2
193;2
194;2
195;2
196;2
197;2
198;2
199;2
200;2
201;2
202;2
203;2
204;2
205;2
206;2
207;2
208;2
209;2
210;2
211;2
212;2
213;2
214;2
215;2
216;2
217;2
218;2
219;2
220;2
221;2
222;2
223;2
224;2
225;2
226;2
227;2
228;2
229;2
230;2
231;2
232;2
233;2
234;2
235;2
236;2
237;2
238;2
239;2
240;2
241;2
242;2
243;2
244;2
245;2
246;2
247;2
248;2
249;2
250;2
251;2
252;2
253;2
254;2
255;2
256;2
257;2
258;2
259;2
260;2
261;2
262;2
263;2
264;2
265;2
266;2
267;2
268;2
269;2
270;2
271;2
272;2
273;2
274;2
275;2
276;2
277;2
278;2
279;2
280;2
281;2
282;2
283;2
284;2
285;2
286;2
287;2
288;2
289;2
290;2
291;2
292;2
293;2
294;2
295;2
296;2
297;2
298;2
299;2
300;2
301;2
302;2
303;2
304;2
305;2
52;4
53;4
54;4
55;4
56;4
57;4
58;4
59;4
60;4
61;4
62;4
63;4
64;4
65;4
66;4
67;4
68;4
69;4
70;4
71;4
72;4
73;4
74;4
75;4
76;4
77;4
78;4
79;4
80;4
81;4
82;4
83;4
84;4
85;4
86;4
87;4
88;4
89;4
90;4
91;4
92;4
93;4
94;4
95;4
96;4
97;4
98;4
99;4
100;4
101;4
102;4
103;4
104;4
105;4
106;4
107;4
108;4
109;4
110;4
111;4
112;4
113;4
114;4
115;4
116;4
117;4
118;4
119;4
120;4
121;4
122;4
123;4
124;4
125;4
126;4
127;4
128;4
129;4
130;4
131;4
132;4
133;4
134;4
135;4
136;4
139;4
140;4
141;4
142;4
143;4
144;4
145;4
146;4
147;4
148;4
149;4
150;4
151;4
152;4
153;4
154;4
155;4
156;4
157;4
158;4
159;4
160;4
161;4
162;4
163;4
164;4
165;4
166;4
167;4
168;4
169;4
170;4
171;4
172;4
173;4
174;4
175;4
176;4
177;4
178;4
179;4
180;4
181;4
182;4
183;4
184;4
185;4
186;4
187;4
188;4
189;4
190;4
191;4
192;4
193;4
194;4
195;4
196;4
197;4
198;4
199;4
200;4
201;4
202;4
203;4
204;4
205;4
206;4
207;4
208;4
209;4
210;4
211;4
212;4
213;4
214;4
215;4
216;4
217;4
218;4
219;4
220;4
221;4
222;4
223;4
224;4
225;4
226;4
227;4
228;4
229;4
230;4
231;4
232;4
233;4
234;4
235;4
236;4
237;4
238;4
239;4
240;4
241;4
242;4
243;4
244;4
245;4
246;4
247;4
248;4
249;4
250;4
251;4
252;4
253;4
254;4
255;4
256;4
257;4
258;4
259;4
260;4
261;4
262;4
263;4
264;4
265;4
266;4
267;4
268;4
269;4
270;4
271;4
272;4
273;4
274;4
275;4
276;4
277;4
278;4
279;4
280;4
281;4
282;4
283;4
284;4
285;4
286;4
287;4
288;4
289;4
290;4
291;4
292;4
293;4
294;4
295;4
296;4
297;4
298;4
299;4
300;4
301;4
302;4
303;4
304;4
305;4