789
499
746
50180
2
38
98774
46003
316
211
23064
89783
197
474
168
54261
68915
645
567
2187
949
93963
117
769
65518
8446
2763
205
650
763
73438
824
24697
766
309
19019
989
578
67812
21963
424
193
16506
83875
382
51032
331
892
638
473
76010
15199
44706
646
59049
132
1482
4524
7792
223
617
785
146
86012
752
64225
88729
29564
642
709
2601
4150
601
758
911
81
38370
600
45705
249
720
9
803
95404
513
423
58274
767
19924
5533
460
61652
275
800
4565
390
540
60
98530
353
128
59622
145
571
198
729
19719
14856
618
65146
65597
3
6561
434
44844
349
704
774
981
950
95
692
624
25352
878
88125
46244
48151
237
86392
13675
617
6568
60713
59616
6256
774
43
6218
29599
39187
28637
787
956
280
602
35919
6561
55742
82702
96053
39431
85776
689
52314
258
54105
78
52092
71676
81
13948
13787
46096
5447
60817
357
53396
453
83252
25104
8
695
36157
659
475
901
18079
88686
88
71166
19102
319
175
89517
1
794
13839
31968
56536
30340
55130
89170
6216
10730
78514
57350
23310
59792
36334
43142
57498
75406
32116
33078
44400
96274
90724
45436
76664
72150
88282
97236
26788
25974
92278
41958
19536
6142
55648
57794
18130
10730
28638
6068
21386
7104
63344
26344
48618
81326
51134
87764
38480
83176
20868
82806
79476
93240
9916
56092
47064
98198
53280
55500
24124
27306
79106
25382
15096
34706
83102
33152
45436
11692
39146
48470
444
84212
74814
30710
47212
25900
18500
85618
90798
21016
50172
51948
95904
60014
7992
42920
58164
42920
80068
82288
70152
59126
7622
85174
93832
72372
74
20942
65712
20868
69338
66082
86728
25826
78514
33966
33448
96940
19536
5920
99604
69634
57794
95460
29674
65712
20054
69486
90280
74
51726
42180
59126
40996
9028
34632
13320
90724
55500
78958
11618
6586
26788
98272
14060
5254
32190
29156
83842
33448
35002
83398
84730
74444
78810
96052
21830
98790
65564
12136
98790
98939
911
81896
81
697
332
915
79879
362
408
698
146
925
965
94566
414
4909
66077
652
3
979
72423
274
82984
85531
27774
349
190
6561
241
6561
94956
83730
55356
38339
40221
67994
342
65883
59049
40363
708
500
51728
40585
936
565
642
454
55482
782
240
70676
419
243
91071
94940
39030
51113
59889
900
702
338
7638
67965
34069
53603
197
66266
180
53473
36914
217
17089
53734
526
24752
978
87548
88915
46561
267
94329
76069
905
61081
369
358
50133
453
29911
54
288
11598
13973
377
231
488
994
718
838
828
3305
782
64402
16548
95
796
276
76137
11942
6561
20091
61212
282
324
36095
49096
62937
123
674
93414
37686
911
22268
379
23389
24494
83746
273
640
21948
858
156
724
669
4225
129
243
694
213
60109
419
766
59023
899
506
502
694
46280
841
29042
58189
80194
33706
26941
844
95675
635
8585
5298
7
