14
28
91
70
10
729
13
90
70
40
30
120
33
145
27
64
24
201
100
343
5
7
5
7
5
7
5
7
5
7
5
7
5
7
5
7
5
7
5
7
5
7
5
7
5
7
5
7
5
7
5
7
5
7
5
7
5
7
5
7
5
7
5
7
5
7
5
7
5
7
5
7
5
7
5
7
5
7
5
7
5
7
5
7
5
7
5
7
5
7
5
7
5
7
5
7
5
7
5
7
5
7
5
7
5
7
5
7
5
7
5
7
5
7
5
7
5
7
5
7
5
7
5
7
5
7
5
7
5
7
5
7
5
7
5
7
5
7
5
7
5
7
5
7
5
7
5
7
5
7
5
7
5
7
5
7
5
7
5
7
5
7
5
7
5
7
5
7
5
7
5
7
5
7
5
7
5
7
5
7
5
7
5
7
5
7
5
7
5
7
5
7
5
7
5
7
5
7
5
7
5
7
5
7
5
7
5
7
5
7
5
7
5
7
5
7
5
7
5
7
5
7
5
7
5
7
5
7
5
7
5
7
5
7
5
7
5
7
5
7
5
7
5
7
5
7
5
7
5
7
5
7
5
7
5
7
5
7
5
7
5
7
5
7
5
7
5
7
5
7
5
7
5
7
5
7
5
7
5
7
5
7
5
7
5
7
5
7
5
7
5
7
5
7
5
7
5
7
5
7
5
7
5
7
5
7
5
7
5
7
5
7
5
7
5
7
5
7
5
7
5
7
5
7
5
7
5
7
5
7
5
7
5
7
5
7
5
7
5
7
5
77
7
5
7
5
7
5
7
5
7
5
7
5
7
5
7
5
7
5
7
5
7
5
7
5
7
5
7
5
7
5
7
5
7
5
7
5
7
5
7
5
7
5
7
5
7
5
7
5
7
5
7
5
7
5
7
5
7
5
7
5
7
5
7
5
7
5
7
5
7
5
7
5
7
5
7
5
7
5
7
5
7
5
7
5
7
5
7
5
7
5
7
5
7
5
7
5
7
5
7
5
7
5
7
5
7
5
7
5
7
5
7
5
7
5
7
5
7
5
7
5
7
5
7
5
7
5
7
5
7
5
7
5
7
5
7
5
7
5
7
5
7
5
7
5
7
5
7
5
7
5
7
5
7
5
7
5
7
5
