Zadanie 4.1
18 93639

Zadanie 4.2
Najwięcej czynników pierwszych: 10 99792
Najwięcej różnych czynników pierwszych: 6 62790

Zadanie 4.3
a) dobre trójki: 27

955 8595 42975
232 13688 27376
13594 27188 81564
971 13594 81564
971 13594 27188
971 27188 81564
971 6797 81564
971 6797 13594
971 6797 27188
797 7173 64557
1403 42090 84180
1403 2806 42090
1403 2806 84180
1403 2806 8418
1403 8418 42090
1403 8418 84180
871 15678 62712
497 22365 89460
2806 42090 84180
2806 8418 42090
2806 8418 84180
392 20384 61152
409 9816 58896
8418 42090 84180
6797 13594 81564
6797 13594 27188
6797 27188 81564

b) dobre piątki: 2