638
40361
12930
47835
33715
56730
275
14199
6185
549
81564
93639
99010
206
955
61879
28154
49200
964
62712
95257
78376
8473
82355
473
745
92279
63498
70008
59496
204
421
84145
21194
78781
17311
74080
94416
43500
61152
40126
18334
73712
90250
68180
45461
89092
9345
1774
98473
56307
20345
56400
6126
7690
169
590
80555
66774
15678
89460
654
99792
26717
94911
88674
232
13594
250
20992
27188
42090
47052
70792
81471
56949
58680
293
4599
82209
68635
7858
33536
61700
971
64072
13688
82536
16011
73910
15915
94082
63653
54534
70103
56064
20384
80165
870
3243
39306
11381
70353
476
40590
5706
864
797
295
73345
8595
71574
36490
48637
180
269
95099
79149
77141
1403
53914
35205
68026
76054
77957
871
65629
62790
52196
99897
2581
30100
12076
963
62737
6098
497
48667
805
6764
9816
2841
156
17542
44452
600
43888
50449
80672
2806
808
811
59856
392
38714
7173
409
59370
94653
93400
63114
72010
66924
22365
57640
11180
65050
51057
380
83982
82387
38795
6270
99625
467
976
34240
89537
84180
496
85636
63990
81860
27376
218
25062
80590
64557
8418
87868
405
64386
527
58896
30344
30129
91071
6797
42975
96400
