764321
966322
299157
686201
330271
520041
764015
988424
231028
675953
738710
260119
618908
410600
890075
267392
135378
112086
619875
340083
312259
207685
831655
884352
536517
778546
859787
961109
413092
987836
381981
265871
977275
856627
952719
381567
448345
977745
931829
235181
124487
179589
586183
495528
778931
296231
527331
881430
193857
366983
152865
564506
436153
864724
914379
638122
278648
694666
854002
215162
413834
535365
984254
309526
911146
607051
796694
836990
765085
743873
215675
976366
915396
909334
707249
139244
803335
118249
196857
466062
346892
213746
395314
946731
471268
304548
640936
486969
954449
528833
317649
187253
478778
422708
480453
623449
417376
608968
552644
320831
574761
866476
456560
927179
393005
828531
927482
598557
664324
435528
228895
362072
556237
140377
944480
887402
516318
976428
501254
710697
289119
450573
200632
134842
728044
142634
794660
251346
492890
987663
139548
480875
643230
708566
275628
300360
702488
295730
717523
825248
901158
245343
318524
232163
335766
654661
103901
554977
888709
147762
429225
772195
818108
373318
904773
759461
602342
288940
609080
987606
890493
648457
388835
648124
123196
863140
263580
244027
727985
304448
940539
191188
394718
133360
567090
734114
457440
131681
480374
807607
574344
465498
501539
550317
253485
831671
178686
180807
789124
977558
561826
487932
333001
934347
696607
848489
769174
553631
614200
795279
101272
417543
710137
131861
833748
853330
931476
271834
607984
841946
650226
842215
701752
920735
122297
416009
774633
128985
602779
747588
140365
864921
934210
208691
107337
356990
399186
697793
896845
290034
658808
958249
941194
382530
533410
638353
517264
272502
967969
709964
457599
634789
185905
518162
413660
448756
588535
641542
593622
123198
952038
443392
212774
486888
384765
108323
399586
884699
381242
702953
776423
799716
218621
417269
325325
335835
617494
900773
431749
783816
513791
510416
991844
926732
346444
128847
947973
558422
188049
300821
381411
383221
293113
880485
230588
315469
963396
446577
631422
516319
263262
244801
936059
159683
344791
131923
180289
591975
365886
621995
520131
392275
567552
666030
188294
365752
295183
862796
735899
256292
618435
254184
296716
425301
762962
918040
229778
317792
370172
781567
116762
554512
432794
234577
815525
983476
866716
477355
498267
491477
654354
583558
404102
747832
244198
446358
358556
366014
905875
912217
346360
880047
501553
845078
115511
887787
542725
880758
738960
794906
933542
517384
983875
850407
836350
371159
126543
630008
632702
503866
460264
129473
921340
743190
520422
201982
697924
477401
572147
657371
145745
958617
477503
377639
124767
892219
278371
572672
909714
551669
821710
658727
514695
918544
254583
878367
332465
165603
651552
703775
145322
916525
190650
917212
601448
641522
256177
852094
200631
803672
698624
558317
919068
105678
790525
229755
202016
819430
685376
339340
487788
398713
655742
991477
772695
459064
595402
567573
544486
973703
884139
615211
466901
983178
186233
347562
932186
223791
242485
858774
800492
845695
381160
413811
278573
368896
937666
414434
425494
846823
428310
649462
264880
467607
663689
737525
998471
509234
903957
512718
151871
157223
158712
769927
688289
506079
576104
824985
501580
833670
423344
272257
116363
345189
805865
844375
852463
719344
534145
542801
830989
524586
568063
142101
877118
468595
182737
489104
997925
208889
248872
163124
217023
809742
504980
572171
137250
433873
810719
755860
544483
684294
716389
482136
275335
334372
564737
599145
563168
679960
