6 6 13 15 15 24 33 33 36 44
8 14 16 19 28 38 45 45 49 49
5 9 11 21 30 35 41 50 58 61
5 14 24 27 29 38 38 44 51 57
4 4 4 13 18 18 25 33 34 39
2 5 15 20 26 27 31 37 38 43
0 6 12 14 16 21 30 40 47 50
5 6 12 14 17 21 30 37 43 47
9 17 20 27 34 43 46 50 56 63
8 9 9 19 27 27 30 34 43 45
0 4 4 14 14 17 17 23 25 26
3 8 12 16 26 31 36 41 43 44
8 18 24 29 37 45 49 50 50 52
6 7 10 16 16 25 30 37 43 49
9 17 22 29 37 43 53 61 61 67
6 6 14 18 25 29 35 44 52 60
0 5 12 14 19 26 32 33 33 36
7 17 21 28 31 40 42 45 50 54
3 8 8 10 14 23 23 32 42 44
2 9 10 14 15 25 25 34 39 39
4 5 13 17 25 34 43 44 52 55
7 9 19 25 25 30 31 32 41 41
5 6 13 19 22 26 28 32 41 41
4 4 12 14 23 27 30 37 47 54
6 14 17 17 21 26 30 37 42 50
4 12 20 30 35 44 51 56 60 65
0 5 9 15 23 25 34 44 49 49
3 13 21 25 28 34 41 45 51 58
6 9 16 23 24 26 34 42 46 54
10 11 16 16 19 22 24 26 33 42
9 15 16 17 24 29 36 41 46 54
3 12 21 25 27 31 33 38 46 46
6 7 11 12 19 22 30 30 31 36
7 9 15 17 20 22 23 30 31 33
4 5 7 16 20 25 28 30 30 37
2 7 17 20 26 34 37 46 51 60
8 13 22 27 36 45 55 56 64 70
1 10 12 12 22 23 24 29 33 38
9 12 19 28 33 40 44 51 51 58
10 15 24 24 33 39 43 48 56 56
6 9 19 19 28 36 43 44 47 51
1 2 6 9 13 17 25 27 31 34
9 14 24 34 43 50 58 63 70 74
6 14 17 24 34 42 50 55 64 64
7 10 12 18 21 28 33 42 46 52
0 10 10 16 17 19 28 35 38 38
2 4 12 15 18 20 27 30 37 44
1 9 12 12 22 29 32 39 45 53
2 10 11 13 22 24 24 29 30 30
2 4 14 15 20 25 28 31 38 43
3 3 12 14 14 22 23 28 33 37
7 17 24 32 37 42 44 48 54 54
5 11 19 23 33 38 43 48 48 57
1 2 7 7 8 11 20 27 32 40
4 10 12 16 20 28 34 36 36 45
4 8 13 23 33 43 43 50 53 56
5 14 24 30 31 31 31 35 41 44
1 1 10 20 28 35 40 47 57 62
8 18 24 27 28 37 37 40 41 51
9 13 13 18 28 34 43 44 53 53
10 10 14 14 23 24 26 26 35 37
2 3 8 18 24 30 36 45 54 64
7 7 14 16 17 23 28 28 28 36
4 5 15 18 28 38 42 51 54 63
0 4 4 14 17 21 21 29 34 39
1 3 4 4 12 12 22 22 29 38
10 14 21 28 37 44 48 49 50 59
1 6 12 18 27 37 45 48 51 51
7 13 15 21 23 30 39 42 44 50
1 5 15 15 16 22 28 32 34 40
2 12 15 18 20 24 34 37 38 43
0 8 9 9 12 21 27 31 36 37
4 9 14 24 26 36 38 43 47 52
10 15 23 25 29 29 33 36 43 46
5 11 19 24 24 28 32 39 40 45
6 8 8 15 24 32 37 39 47 57
10 14 20 23 32 38 48 58 59 66
4 10 18 21 25 30 33 34 36 44
0 8 15 24 31 35 40 40 47 56
7 17 26 36 40 44 51 61 67 70
9 18 18 26 29 33 36 43 51 58
8 11 18 20 29 34 34 44 52 56
7 15 21 27 28 37 47 52 56 64
6 15 24 31 41 42 46 53 59 69
0 8 14 23 30 38 48 51 55 58
9 12 13 14 24 24 32 40 43 49
2 11 14 23 25 25 32 33 33 39
10 14 21 28 33 40 49 59 66 68
8 14 16 17 19 26 32 41 51 57
9 13 13 14 22 29 35 36 41 47
0 9 11 19 26 35 37 43 43 51
2 8 11 17 22 23 24 27 31 37
2 11 20 22 32 41 43 45 54 56
3 13 15 21 28 29 35 38 48 49
2 8 18 21 26 31 33 35 36 40
0 7 13 15 21 21 26 26 34 44
0 2 10 10 20 24 33 39 41 50
0 10 12 13 22 25 28 36 41 47
7 9 13 16 21 22 29 29 31 36
7 11 18 28 33 41 42 47 48 50
4 8 15 16 20 27 35 40 41 46
4 6 9 15 25 28 35 37 37 43
7 9 12 15 22 25 27 30 40 42
2 7 12 20 27 35 35 42 48 48
6 16 19 26 34 36 42 47 52 61
2 9 13 23 28 38 42 49 59 68
5 12 17 18 19 25 31 36 41 49
4 10 16 17 23 25 27 28 38 41
4 14 23 33 36 44 45 50 56 58
8 11 19 28 34 41 41 51 59 64
0 3 7 10 12 19 21 28 32 37
3 6 8 16 20 21 21 31 32 38
3 5 6 8 14 23 32 32 37 47
1 10 10 10 12 12 14 23 25 32
2 7 10 13 15 25 28 30 39 45
4 4 9 9 16 17 18 21 27 36
9 10 19 20 26 34 37 42 48 54
7 16 17 23 25 32 42 42 52 53
5 14 23 33 33 41 45 55 64 64
3 11 13 22 27 30 31 41 49 54
6 6 12 14 18 26 31 32 34 42
4 5 13 20 20 29 39 47 49 55
8 11 15 25 32 42 48 53 61 62
8 18 19 24 25 34 35 37 37 44
3 5 12 16 20 23 25 28 29 29
4 4 13 23 29 30 32 39 42 46
1 3 4 4 7 17 27 32 42 45
6 9 14 24 27 32 41 41 41 44
9 9 13 21 25 32 36 40 50 55
0 6 6 12 14 15 18 28 38 39
4 9 17 24 34 37 47 54 59 68
2 3 4 14 18 27 35 40 47 52
0 9 19 25 30 40 48 54 57 58
9 13 20 27 28 33 39 48 51 51
10 15 24 32 37 40 49 54 64 66
0 5 10 18 18 25 27 35 45 55
5 15 17 22 27 28 36 40 42 47
8 15 22 27 30 40 47 47 56 61
6 14 16 16 22 29 31 38 40 49
7 13 19 25 31 35 40 47 47 48
3 5 13 23 27 31 34 40 48 53
0 3 7 9 10 18 19 29 33 33
7 7 16 20 25 34 41 50 59 59
6 13 17 19 19 22 22 23 33 43
5 8 15 25 33 38 47 51 52 53
2 12 16 24 26 36 36 37 45 46
6 7 7 7 15 23 23 29 30 37
3 7 10 13 23 24 26 33 36 37
2 2 3 9 19 27 27 29 31 39
7 17 24 33 40 41 45 52 59 60
0 7 17 21 26 26 32 32 41 47
9 12 22 24 25 26 30 39 46 48
10 10 18 21 26 31 40 42 51 59
6 10 11 16 21 24 32 35 43 45
3 6 16 24 31 41 48 51 53 57
10 12 16 24 24 24 28 33 42 45
5 10 13 15 15 25 27 33 36 39
2 8 15 19 27 32 41 48 52 54
2 12 22 27 27 34 35 40 46 46
5 13 19 28 29 34 36 40 40 43
6 10 14 18 25 29 30 34 38 41
5 9 19 23 28 31 41 43 48 50
8 11 17 23 26 27 37 44 54 60
3 5 14 15 25 32 36 45 46 49
10 10 13 19 21 21 24 32 34 42
2 7 10 16 19 20 24 25 28 38
9 14 15 22 22 32 42 45 55 56
8 12 22 31 39 41 50 51 57 66
0 2 9 9 12 19 21 23 26 31
6 6 14 24 29 31 35 38 45 48
6 14 24 34 41 47 47 56 58 58
8 8 8 15 25 35 43 43 46 53
1 10 19 24 27 34 43 46 47 50
0 9 17 24 33 41 46 47 51 51
9 16 18 18 26 35 41 41 43 43
10 16 16 23 27 31 34 42 52 57
8 17 22 25 32 40 47 47 50 51
0 8 18 23 29 33 38 43 48 53
4 12 20 28 28 38 38 48 51 54
0 5 6 6 14 20 29 38 47 47
3 5 15 20 23 24 28 36 37 46
6 16 18 27 37 43 45 47 57 61
3 7 15 16 24 27 37 38 48 54
1 7 13 17 23 32 35 36 38 46
2 12 15 21 29 29 30 32 40 44
6 11 17 26 32 41 50 58 63 65
6 14 14 14 16 22 26 26 32 34
1 5 14 23 27 30 36 40 45 55
0 4 8 16 25 33 41 41 41 42
10 18 28 38 48 50 53 55 62 66
1 8 15 19 29 34 42 42 45 53
2 9 14 23 27 35 45 50 57 59
4 13 15 19 27 35 38 44 46 52
10 15 17 24 29 39 42 48 54 61
4 10 10 19 22 23 28 33 33 34
2 7 11 12 13 19 24 33 35 43
0 8 15 15 22 22 29 32 39 40
7 12 17 20 21 21 31 40 47 57
9 12 21 28 35 35 35 39 42 45
8 8 18 24 34 42 44 54 57 60
4 4 5 9 19 21 23 25 29 37
5 13 14 19 26 33 40 44 53 60
10 19 27 35 44 53 61 66 74 84
1 7 12 22 31 34 41 48 54 57
6 6 12 14 23 23 33 41 46 54
7 9 12 15 19 25 27 29 31 36
0 4 8 10 15 16 25 34 43 43
9 9 19 29 38 48 51 54 54 60
2 2 12 20 23 32 38 48 55 63
5 10 20 22 30 32 38 47 47 53
3 7 12 15 20 23 33 34 40 50
9 11 20 30 34 43 51 56 57 65
4 14 22 25 35 35 43 43 51 57
4 14 14 23 31 40 43 52 53 59
2 10 11 21 25 29 31 40 47 54
4 9 19 19 20 29 32 33 37 41
3 4 11 16 26 33 39 44 51 61
1 8 12 20 21 27 33 33 41 44
1 6 14 20 25 32 38 39 40 49
7 7 10 15 19 19 21 22 23 29
10 13 18 24 33 36 36 44 44 51
1 9 10 17 26 30 37 37 42 51
3 7 11 18 25 34 40 45 48 51
0 9 9 12 14 20 28 33 33 35
5 12 19 20 24 24 27 30 40 40
6 8 8 15 22 22 25 25 31 31
0 3 13 17 19 22 27 36 44 54
4 12 18 24 26 26 32 41 51 54
9 11 13 20 27 28 28 29 31 34
10 17 23 33 35 39 44 54 61 68
7 15 19 27 36 39 40 44 46 49
8 9 18 23 29 37 37 45 46 50
0 0 1 2 7 8 18 21 24 26
3 4 14 15 21 23 26 28 37 44
6 14 21 23 28 33 38 41 42 52
1 11 20 21 26 35 42 52 57 59
3 10 15 17 27 32 42 42 45 53
0 6 9 10 15 17 20 21 24 32
1 2 7 12 13 18 20 20 28 33
6 11 21 27 31 34 40 40 42 44
0 4 10 16 21 31 40 44 54 56
5 10 18 20 28 34 40 41 47 47
0 10 15 21 28 34 41 47 49 49
1 2 3 10 10 15 20 29 39 44
5 14 17 20 26 33 36 37 37 39
0 3 5 13 20 30 30 31 39 43
2 12 14 22 30 31 35 44 53 57
2 10 18 24 33 39 39 41 41 43
8 11 14 17 27 34 39 39 49 51
2 3 11 16 22 28 36 44 45 49
6 15 18 20 20 28 38 39 39 49
2 10 16 18 18 26 32 34 40 47
5 12 22 32 40 46 50 60 60 66
10 10 13 19 19 28 37 39 41 41
8 9 9 9 13 22 26 32 39 49
6 7 8 8 16 23 25 25 33 39
1 6 6 14 21 27 29 34 39 46
1 9 19 23 33 37 38 39 49 51
2 6 13 14 19 20 26 29 33 40
5 11 15 16 21 30 33 36 39 49
1 2 10 18 19 24 32 36 44 48
0 3 13 21 25 25 25 27 35 35
1 2 8 17 17 23 32 42 51 56
9 14 23 25 26 35 43 49 58 62
8 15 18 23 32 36 44 52 57 67
3 7 12 13 13 23 28 32 33 41
10 18 27 30 32 32 39 49 52 60
2 11 11 19 28 30 35 37 41 46
0 10 13 13 18 22 24 28 33 35
9 10 11 14 21 29 29 36 38 47
6 15 22 32 33 41 45 47 47 55
7 15 24 26 29 29 36 40 43 43
4 11 11 11 12 15 23 27 33 37
10 20 28 33 43 44 46 47 55 62
2 6 12 16 25 30 39 49 50 53
4 5 14 20 29 30 36 37 39 44
8 11 21 30 31 33 36 40 44 51
5 8 11 21 25 34 35 36 38 45
1 10 10 15 18 18 20 27 36 37
0 0 0 8 18 24 34 41 42 49
5 12 21 27 33 36 36 45 50 51
7 7 7 17 27 33 37 47 56 65
8 14 17 26 28 35 38 45 48 58
0 7 12 21 29 29 35 45 53 57
9 19 25 28 35 45 45 52 58 59
3 8 8 8 10 17 18 23 28 38
10 19 27 32 39 40 50 59 65 68
0 0 5 9 12 15 22 25 35 39
3 12 12 22 25 29 34 37 41 47
7 11 11 21 30 33 41 50 51 61
8 8 18 25 30 35 41 46 46 51
6 15 20 22 31 32 33 38 39 49
3 11 19 24 24 30 32 35 42 43
8 14 21 28 30 40 45 50 54 61
8 9 14 21 27 32 32 37 40 45
6 13 18 21 27 31 41 43 49 54
10 14 16 25 34 37 37 42 50 59
1 10 11 15 19 28 30 30 40 49
8 13 14 23 26 28 32 42 48 54
8 9 16 20 23 32 38 46 56 61
2 7 11 11 15 15 25 33 39 42
1 3 12 22 30 30 32 42 44 47
1 7 16 21 29 36 39 48 48 53
5 13 16 20 27 35 37 44 47 56
4 4 13 20 24 26 33 43 49 51
8 9 10 11 13 15 23 30 30 32
5 14 24 30 36 44 48 58 65 65
0 8 16 23 33 33 38 48 48 50
6 16 19 24 30 40 42 49 56 65
7 17 22 24 32 38 46 51 61 62
7 12 19 28 33 34 37 45 54 58
1 1 4 7 13 16 23 32 39 46
7 7 17 21 21 28 37 38 47 55
7 15 21 25 32 41 49 53 56 63
1 9 10 15 21 21 25 30 33 36
5 5 13 21 27 30 36 44 51 60
1 9 18 27 31 36 40 41 45 46
0 7 10 20 20 28 33 41 47 57
7 13 18 27 37 40 42 52 53 61
0 4 14 16 25 25 34 41 46 47
2 3 3 13 18 27 31 39 42 50
1 5 12 18 18 24 25 26 30 39
3 13 14 16 24 25 29 39 49 50
2 4 11 19 27 32 38 46 50 56
4 13 20 24 26 31 38 47 57 65
3 11 12 22 27 29 29 37 47 50
3 13 17 17 17 25 30 40 48 56
4 9 16 21 22 32 34 42 43 52
7 14 17 22 29 31 41 49 57 67
9 16 16 19 24 33 39 47 55 61
7 10 17 25 27 36 38 48 49 50
4 9 15 24 24 25 29 39 40 45
10 17 21 24 31 36 41 45 48 57
9 19 19 20 23 25 34 38 45 45
5 7 8 16 24 32 40 46 56 56
5 5 8 16 24 31 38 40 41 42
4 4 10 18 28 36 46 50 54 63
10 11 11 14 14 19 21 27 33 35
7 8 14 14 16 18 19 29 30 38
3 3 10 11 17 26 36 42 43 48
10 10 20 23 31 34 36 38 42 50
4 12 13 22 24 24 34 38 40 43
3 12 13 21 28 37 43 53 62 67
10 17 22 27 37 40 46 49 53 62
5 12 12 14 14 15 24 34 42 43
8 12 19 29 34 34 42 42 44 49
5 8 16 24 27 36 37 38 39 44
1 11 14 21 28 28 29 38 39 42
6 10 11 12 21 28 35 38 39 47
1 6 13 17 20 21 31 38 48 50
4 5 7 8 14 16 25 31 39 47
10 10 12 12 20 23 25 30 33 42
2 12 21 31 40 41 43 44 54 54
2 11 12 13 16 17 22 30 34 42
5 8 8 12 18 26 34 39 40 40
10 15 23 23 25 31 34 39 48 50
8 15 16 25 32 36 39 41 51 51
3 4 12 18 25 33 41 50 59 66
2 6 6 16 22 23 24 30 35 43
8 16 18 21 21 31 32 39 43 52
2 12 15 25 35 37 47 54 54 57
2 2 10 18 18 28 34 41 43 50
4 13 20 27 30 37 38 43 43 50
2 8 14 18 18 25 30 33 42 49
3 3 10 16 18 18 19 22 24 34
8 14 23 23 24 24 26 27 28 36
4 13 19 26 28 28 33 34 42 52
1 5 12 21 28 33 38 43 50 51
4 8 15 21 29 32 40 48 56 57
3 7 8 9 11 14 19 28 29 35
2 5 11 18 19 23 31 39 43 53
10 14 18 27 36 46 49 51 57 65
0 2 6 15 23 25 33 34 38 42
7 14 19 19 25 28 37 40 46 48
9 18 23 24 28 29 39 48 50 51
0 5 10 12 13 23 28 30 34 35
2 2 10 16 21 30 35 39 49 50
1 4 9 15 25 29 32 39 47 47
7 10 12 19 20 26 30 31 40 41
3 3 12 14 16 23 31 39 39 41
4 11 13 17 18 24 26 28 34 43
4 10 12 19 24 32 36 40 50 52
0 8 11 21 22 27 33 34 38 48
0 6 7 11 21 29 31 34 37 45
3 9 16 21 27 32 35 40 40 46
0 1 8 18 20 20 29 35 39 43
0 1 9 10 15 15 19 24 33 41
0 2 8 17 21 27 35 35 42 50
4 13 20 20 24 30 36 39 45 46
8 16 23 31 36 42 47 53 59 64
5 9 15 17 26 30 36 38 43 43
10 10 18 22 26 35 35 37 41 50
7 16 22 26 33 41 43 46 51 60
3 6 10 19 27 27 31 37 41 51
8 11 21 28 28 31 39 42 47 56
10 12 18 27 34 42 48 48 48 51
8 9 9 19 28 28 29 36 38 43
10 15 21 28 36 43 46 56 57 57
3 7 8 12 20 21 23 23 30 37
7 12 22 26 32 38 43 51 61 71
7 9 17 24 33 34 38 39 43 44
8 8 12 20 25 28 38 41 49 49
0 4 13 16 25 26 28 37 47 48
2 10 18 22 22 31 32 37 39 42
1 11 13 17 20 20 29 33 35 44
4 5 14 21 26 31 34 39 44 49
10 16 24 32 41 46 46 56 56 65
8 11 21 31 34 42 49 59 65 74
0 8 13 19 24 25 26 33 33 42
7 14 19 24 33 42 50 51 55 56
0 6 12 12 14 16 23 23 33 38
6 16 17 26 30 39 40 47 52 58
5 12 18 28 38 42 45 47 49 52
10 20 24 32 37 44 45 52 52 60
0 2 6 8 16 26 29 34 37 43
10 18 23 23 32 40 47 49 53 56
7 14 18 27 32 33 42 51 52 54
4 9 17 17 21 23 25 31 40 44
5 7 11 14 23 31 33 40 44 49
10 14 23 30 35 38 43 51 57 66
8 16 26 31 32 36 44 50 53 62
8 8 10 15 23 30 35 43 48 54
7 9 11 18 21 25 32 37 38 48
5 9 13 15 18 20 28 35 45 52
2 10 17 21 30 38 38 45 51 56
10 16 19 28 30 33 42 43 43 43
2 10 15 21 31 38 38 48 56 57
8 8 10 20 30 32 32 38 45 50
1 3 13 22 29 34 42 48 56 61
3 11 17 19 28 29 29 37 45 52
1 10 20 23 31 38 48 57 58 66
8 11 12 22 28 33 43 47 54 64
2 5 9 11 11 13 14 19 29 36
4 7 9 10 13 21 23 30 31 35
7 9 15 22 30 33 35 35 42 50
5 14 19 22 24 25 27 34 44 47
3 11 21 24 29 29 29 32 39 49
5 8 13 14 18 21 28 33 36 44
4 14 16 22 29 29 36 45 50 59
6 15 23 28 37 39 49 49 57 59
10 12 22 30 39 40 50 59 65 67
2 10 19 27 37 41 51 54 60 65
4 6 14 22 23 25 25 33 36 38
2 6 6 10 14 23 30 31 33 41
4 5 11 14 18 23 24 27 36 40
6 13 18 27 35 44 45 48 55 61
2 9 18 28 28 31 40 50 57 61
0 4 6 11 15 22 32 39 46 51
6 12 15 19 23 27 28 31 41 41
4 14 20 26 33 41 47 51 54 60
7 13 13 21 22 30 30 37 44 44
1 8 12 15 23 33 34 35 42 46
6 6 8 13 23 33 33 42 42 45
0 1 10 10 10 10 18 21 21 27
4 11 18 20 21 27 30 38 42 42
8 9 15 21 22 27 34 41 41 51
1 2 5 6 9 16 24 25 26 28
1 3 10 17 17 23 26 30 35 44
5 14 21 24 27 31 38 38 48 58
1 11 15 15 17 20 26 28 33 40
8 9 19 26 30 39 44 46 53 63
7 15 15 23 26 29 34 39 46 51
4 6 6 13 19 24 26 28 38 44
6 8 8 9 9 17 23 31 41 42
5 5 6 13 15 16 20 21 21 31
10 13 23 28 35 39 45 55 62 64
9 19 28 37 39 44 49 57 67 70
2 6 9 11 16 16 24 24 32 42
7 17 18 18 20 25 30 39 42 50
10 14 22 24 28 37 43 46 50 60
7 17 22 26 28 30 37 41 48 57
7 16 23 25 33 43 51 57 67 73
3 13 19 23 27 37 40 50 55 56
8 15 25 31 38 48 58 60 68 76
5 7 17 23 25 29 30 36 36 44
6 10 14 17 20 23 33 36 39 49
1 5 15 23 25 35 37 43 43 51
2 5 12 22 23 25 29 31 34 38
2 12 18 27 32 35 45 48 53 62
6 7 17 21 30 32 38 38 46 53
1 10 11 17 21 25 32 33 35 45
8 18 22 27 33 39 40 42 52 60
2 6 12 15 22 28 33 33 34 41
1 7 9 11 13 14 15 18 25 33
4 14 17 22 29 34 42 47 49 54
6 9 15 18 18 23 26 27 34 37
3 12 15 23 33 42 44 54 61 69
3 5 8 8 18 20 24 29 34 40
4 9 19 19 20 28 34 39 47 48
8 11 11 18 28 38 43 45 55 64
2 12 15 20 25 27 32 32 35 43
8 14 22 32 37 41 47 51 59 69
9 9 14 23 23 26 31 36 41 50
1 7 11 16 21 22 29 38 42 44
9 15 18 19 26 30 30 38 42 50
9 11 13 19 29 36 46 48 55 55
3 12 16 19 25 34 38 39 42 50
4 10 20 29 38 41 43 43 49 52
1 7 12 18 26 30 39 46 54 56
9 9 12 21 23 26 32 41 47 53
7 9 12 21 23 28 35 37 45 48
6 14 24 27 37 38 43 51 55 61
4 11 20 30 39 47 57 66 76 80
8 18 22 30 32 34 39 39 39 39
0 4 14 23 26 27 33 35 38 46
2 11 11 21 31 36 46 51 53 62
9 14 17 21 31 38 47 51 57 63
3 7 16 18 23 29 36 44 50 53
8 10 14 21 26 27 34 36 43 49
8 18 22 24 26 35 45 47 50 59
8 9 15 24 27 34 38 40 42 43
2 10 16 18 24 32 34 41 48 48
5 5 9 16 20 26 31 33 39 48
7 14 19 21 30 37 45 50 54 59
7 11 13 23 23 24 30 34 42 42
1 2 10 10 12 16 16 24 32 34
1 1 9 16 18 20 22 25 32 35
2 11 21 27 31 34 36 46 54 59
2 8 8 9 10 19 21 27 37 44
3 7 11 13 21 29 33 36 40 42
3 7 17 21 21 21 31 32 32 33
8 11 16 24 31 34 40 44 45 45
2 9 14 15 15 23 26 35 44 46
7 14 17 17 17 19 26 29 29 33
5 12 14 19 25 25 35 41 51 53
4 9 18 22 24 32 42 49 49 55
1 8 8 13 18 28 29 29 38 46
7 16 25 34 40 49 53 55 62 69
2 5 14 21 28 36 41 45 51 52
8 9 13 18 27 33 43 50 56 59
3 12 20 27 34 43 45 49 53 53
9 15 15 21 25 28 28 36 38 42
2 12 12 13 20 23 29 33 42 46
3 8 11 14 19 20 21 29 34 41
5 15 19 23 23 28 29 29 33 40
2 3 13 22 26 33 43 52 62 72
6 6 13 18 21 29 38 45 52 52
4 7 11 11 15 16 23 23 29 32
4 4 10 11 19 25 35 41 41 43
7 9 12 20 30 33 33 40 50 52
7 15 15 18 28 30 39 40 42 52
3 10 19 28 34 41 50 52 62 72
4 5 6 13 15 17 17 19 28 29
2 2 10 18 23 32 33 33 39 48
9 15 20 20 22 31 32 42 49 59
8 12 14 20 21 21 27 30 30 36
9 17 26 29 34 44 54 58 66 72
7 16 26 31 39 39 44 53 58 67
1 11 20 25 32 37 46 53 63 71
0 10 12 22 30 32 37 45 53 61
7 15 24 24 34 39 40 40 44 47
4 7 12 19 20 27 29 36 42 49
1 3 4 11 21 21 21 31 40 42
0 1 5 6 15 22 29 38 40 40
0 3 4 6 10 20 28 37 46 52
5 15 22 23 33 34 38 43 47 53
9 11 16 18 27 30 34 41 49 59
5 13 20 27 30 30 40 40 42 44
9 16 18 28 32 42 44 53 55 55
7 7 12 18 19 28 34 44 44 49
2 10 10 20 27 28 37 41 45 48
9 12 17 21 22 22 31 39 49 51
10 10 17 18 23 29 32 38 39 42
6 14 17 19 23 29 38 48 55 62
4 11 19 20 22 24 32 39 40 42
1 10 12 17 18 26 34 34 36 42
5 13 13 17 20 21 21 27 27 30
4 13 23 24 29 36 40 43 49 52
0 5 7 14 18 18 25 30 32 40
4 9 13 23 29 37 42 50 50 60
5 15 15 22 22 32 34 41 45 45
1 8 14 19 28 37 47 52 55 62
9 15 23 24 32 37 37 44 48 54
6 6 10 17 17 24 26 26 36 37
10 11 21 25 28 32 38 48 54 54
0 6 10 15 25 33 35 38 38 41
4 14 15 15 23 30 38 40 41 43
0 2 12 19 20 26 32 39 41 50
4 9 17 22 27 37 41 47 50 57
1 8 15 25 26 33 43 53 54 55
6 6 11 15 24 29 37 42 51 61
9 17 22 27 36 39 40 44 44 53
4 12 22 26 27 30 35 37 41 41
9 18 24 34 43 47 53 61 70 74
8 13 23 25 35 42 45 47 55 60
5 8 18 27 28 38 46 49 57 62
3 10 16 20 30 34 44 51 55 61
7 9 17 26 30 37 40 43 52 59
1 6 8 11 20 23 23 32 38 48
4 10 12 15 17 17 26 32 35 45
8 12 21 31 40 42 44 50 59 59
2 7 16 19 26 26 28 37 42 47
4 13 18 24 27 37 47 47 52 61
6 7 15 22 28 36 36 37 47 52
8 18 20 27 34 37 47 54 63 67
4 8 17 20 22 28 32 39 49 53
8 16 18 22 23 29 33 43 46 53
9 11 20 29 31 32 35 42 52 56
0 2 12 19 29 33 39 49 52 62
6 6 8 18 25 34 41 49 58 65
6 6 7 16 19 21 23 30 38 39
1 6 8 16 16 19 23 28 31 35
10 10 16 24 26 31 36 43 43 50
0 3 8 10 16 23 31 36 44 47
6 8 18 23 31 31 38 46 56 62
6 6 10 11 14 23 24 30 36 38
9 18 20 28 30 33 33 42 49 53
1 2 5 7 17 20 30 30 32 40
3 10 18 19 19 20 26 27 34 39
6 11 19 29 35 39 49 50 53 62
10 14 21 22 28 36 45 51 58 67
10 11 19 21 26 35 35 38 43 44
6 15 24 31 37 41 43 43 43 50
6 12 14 16 21 28 31 38 39 46
10 12 15 17 26 28 33 39 48 51
3 9 11 20 22 27 36 38 42 47
5 14 23 25 25 29 39 49 52 60
10 20 27 37 39 41 50 58 59 62
9 18 25 31 32 41 46 46 54 58
6 16 19 25 32 35 35 45 47 54
6 14 21 21 26 30 30 32 42 47
10 13 21 26 32 38 46 49 57 61
5 5 15 20 22 26 36 46 54 56
8 16 26 34 39 49 56 60 61 62
0 0 8 17 23 30 40 44 49 49
10 11 14 19 25 32 38 46 49 49
5 11 15 18 23 30 39 44 45 54
9 9 17 21 21 29 31 36 44 45
2 11 20 22 22 26 35 40 40 48
7 13 18 24 30 31 40 43 44 51
9 12 13 17 21 21 25 34 34 43
4 7 13 14 16 21 21 28 36 36
3 6 16 18 20 26 33 38 47 47
3 9 12 18 27 35 37 38 44 50
5 9 14 17 23 32 37 46 46 51
10 20 27 30 30 34 34 35 35 45
10 13 16 24 32 35 43 50 55 65
1 11 11 13 23 24 28 35 38 39
1 4 6 12 15 20 29 37 37 45
10 16 20 23 30 38 46 49 49 52
7 8 8 12 12 19 19 28 29 37
0 5 6 7 16 20 26 33 42 47
3 9 19 22 22 23 23 23 33 40
6 7 16 25 34 44 46 51 54 64
2 10 18 24 33 39 47 50 50 51
2 9 17 21 22 23 23 27 30 39
1 4 12 14 20 28 36 43 44 52
10 13 17 26 31 36 42 43 52 57
7 12 18 21 30 35 36 38 42 42
6 9 16 24 32 38 38 39 48 48
3 11 16 24 26 27 29 34 35 43
7 9 11 13 23 28 37 37 42 42
2 8 13 22 28 34 43 53 61 64
1 1 9 14 17 26 35 45 55 60
8 13 20 27 27 29 30 36 40 41
6 14 19 24 30 30 34 43 50 54
2 9 13 14 21 27 28 34 35 43
10 14 19 29 29 38 43 46 49 54
7 7 11 18 22 27 37 42 50 52
3 8 14 16 17 24 25 33 35 44
9 12 13 22 32 32 37 40 41 45
2 6 13 20 29 37 41 51 53 53
6 14 21 23 23 31 35 35 43 49
3 7 16 20 20 23 26 29 30 38
3 11 14 17 27 30 34 43 46 50
0 10 19 24 28 31 34 39 41 44
7 7 12 14 23 32 32 42 47 47
2 6 7 12 16 20 25 33 34 44
2 2 4 6 14 18 27 30 37 46
4 4 10 10 16 23 26 27 30 34
1 8 14 23 33 40 42 44 45 51
9 15 16 21 27 33 35 44 46 48
8 18 21 27 32 35 38 44 53 54
6 9 12 16 16 23 30 32 35 41
9 19 22 29 33 42 48 53 56 63
4 7 16 20 27 31 31 37 46 47
8 12 19 26 32 42 47 53 61 62
7 9 12 12 16 23 26 32 33 33
7 17 25 28 37 46 46 49 51 58
3 11 11 18 27 34 39 39 43 46
3 3 8 15 19 29 32 35 41 45
2 8 11 13 18 26 30 30 33 39
2 5 15 22 31 41 50 56 64 64
2 9 10 11 13 20 26 32 36 46
3 7 9 9 11 14 22 32 37 42
8 9 12 13 22 30 39 43 47 56
2 9 19 29 37 42 47 47 53 55
4 6 8 8 11 19 20 24 26 34
2 6 15 24 24 30 30 38 38 48
3 4 12 22 27 28 35 42 45 52
1 3 4 13 22 28 37 41 42 51
1 6 8 11 17 23 27 34 35 45
1 8 16 25 33 41 45 51 51 58
5 14 19 23 30 30 32 36 42 48
0 9 15 16 20 24 27 35 39 46
6 8 16 16 21 27 36 46 56 56
10 18 26 29 33 40 50 50 56 60
2 12 13 21 25 33 37 42 52 62
2 12 21 25 27 30 40 45 53 60
3 8 13 16 17 19 23 31 41 49
5 5 8 11 18 24 25 25 26 35
10 15 18 24 24 25 34 43 47 55
7 15 22 25 33 40 46 54 55 59
2 11 17 21 25 28 38 46 55 62
8 12 16 24 28 32 42 46 53 59
0 2 9 10 16 16 17 23 23 28
6 12 14 17 26 32 38 45 55 56
0 3 9 15 24 33 34 35 43 52
4 5 7 8 16 17 24 32 38 44
8 12 13 16 17 21 23 33 42 43
0 10 10 14 24 25 25 35 40 48
10 17 23 30 32 39 49 50 57 59
5 15 18 26 33 34 42 42 47 54
7 8 17 22 32 41 51 56 64 69
4 12 16 18 22 31 34 34 39 47
8 18 27 27 35 39 46 49 49 55
0 8 10 11 13 21 21 27 36 36
10 17 24 31 32 35 35 43 47 49
6 13 22 28 34 43 53 62 69 79
2 10 10 11 19 26 31 38 45 47
1 7 15 18 18 21 27 28 36 44
0 6 9 19 27 34 38 48 56 57
5 5 12 18 22 27 32 39 41 43
9 18 22 24 30 33 40 48 54 60
0 4 6 10 15 22 22 27 33 38
4 4 6 14 22 31 41 46 53 59
6 12 21 30 39 45 46 56 60 66
8 10 12 21 29 39 43 43 44 44
4 14 22 30 35 45 47 47 53 63
8 15 21 24 29 30 39 49 59 64
9 19 24 29 30 39 39 41 51 52
6 13 19 24 25 29 34 38 42 45
10 19 20 23 27 27 37 46 53 55
10 17 24 25 34 42 42 50 58 68
4 11 16 25 34 36 46 47 47 53
6 8 12 18 26 31 34 38 47 47
7 8 14 17 25 27 37 40 44 54
2 7 11 12 13 20 21 28 32 35
10 14 17 26 27 29 37 37 47 53
6 7 14 24 32 39 49 54 55 55
3 8 15 18 21 23 31 31 35 43
6 13 21 24 34 36 44 49 50 57
0 6 14 16 19 23 32 34 34 37
10 19 19 26 27 37 43 53 63 70
6 14 17 25 31 36 45 54 63 63
0 10 17 24 33 43 50 53 62 70
4 11 18 19 20 29 31 36 44 49
9 17 21 27 35 37 43 46 50 52
6 7 11 13 18 19 29 37 44 52
4 14 17 19 24 27 31 36 41 44
4 9 12 12 13 14 16 25 35 45
10 12 19 22 23 25 32 42 52 55
2 10 17 27 29 36 40 46 48 58
0 10 13 22 26 28 34 42 43 52
4 10 11 19 21 22 29 29 33 43
10 12 21 28 31 32 37 39 42 42
7 7 7 17 17 17 23 33 36 45
10 13 16 24 31 34 34 34 44 46
2 9 14 17 25 25 29 29 35 43
0 3 12 17 27 35 38 38 44 45
7 15 23 32 34 35 43 43 51 60
5 10 13 17 21 25 30 38 44 50
2 4 11 17 17 19 20 26 26 33
4 12 15 21 28 30 32 33 38 38
8 17 18 25 35 36 41 49 58 58
4 12 21 29 36 42 51 58 68 77
0 3 12 15 24 33 33 41 41 48
3 5 10 17 21 27 28 31 31 36
9 16 21 29 33 42 49 53 58 61
2 6 14 21 26 29 35 37 46 53
8 13 22 26 31 33 40 43 49 55
6 8 8 10 14 18 19 29 37 40
6 16 26 35 35 38 38 42 50 54
10 10 11 11 16 16 16 26 28 34
3 11 11 19 23 26 26 34 34 44
10 20 22 25 30 30 39 45 55 62
8 18 21 24 25 34 42 48 51 55
10 15 25 34 44 54 62 67 76 76
0 4 14 19 25 31 37 40 47 52
7 17 20 22 26 32 32 42 43 44
10 20 20 30 40 47 55 62 67 76
0 2 5 14 22 32 33 40 50 59
4 14 21 26 34 34 35 39 42 48
5 8 18 20 26 36 42 47 57 67
6 10 11 11 19 20 25 29 39 47
2 8 9 18 19 20 23 23 32 37
5 14 20 22 32 33 34 35 44 49
6 9 15 17 18 24 29 34 37 44
3 13 21 30 32 34 40 41 41 50
0 9 19 28 31 35 37 38 45 54
3 6 14 18 25 30 40 47 50 58
0 3 10 15 17 24 25 27 29 33
1 8 14 24 29 37 46 47 47 50
5 11 19 19 28 33 37 44 50 60
9 16 18 21 26 27 37 41 47 56
4 12 16 17 26 29 31 33 34 35
1 8 8 15 17 27 29 29 34 34
10 19 21 25 29 33 38 42 43 43
1 8 9 16 18 24 32 36 39 41
8 16 22 26 35 45 53 59 63 66
5 9 18 22 25 32 38 47 55 62
9 10 12 21 23 25 32 33 43 44
6 13 22 28 32 39 43 44 44 52
5 11 15 23 24 29 31 31 38 45
5 5 9 17 27 35 42 44 50 56
8 17 26 34 39 49 49 51 56 61
6 10 17 27 34 40 45 47 54 55
3 9 18 18 23 26 30 38 43 49
10 20 28 33 33 41 49 55 62 69
7 16 17 19 29 36 37 45 47 55
8 17 17 17 19 26 27 30 34 39
8 10 15 24 32 40 46 55 59 63
5 12 20 24 31 37 46 51 51 54
0 7 10 18 26 28 38 39 42 48
3 5 14 21 31 33 37 40 41 44
8 15 21 26 28 30 37 44 48 54
4 5 12 22 27 36 40 47 54 64
6 14 15 25 30 30 37 44 47 54
5 12 22 31 40 42 51 56 62 64
4 14 16 21 30 32 42 42 47 52
2 10 20 25 25 29 29 32 36 39
6 16 21 29 30 30 39 42 47 53
8 11 16 26 36 45 53 58 66 76
2 9 12 16 25 35 40 49 59 61
7 9 15 22 22 32 39 44 53 55
6 7 8 12 17 22 30 37 38 42
8 10 12 21 28 31 34 34 38 39
8 8 14 22 22 23 23 24 24 32
1 7 10 18 18 27 30 36 36 38
9 12 12 16 21 25 34 42 52 55
5 12 13 20 22 32 40 47 49 54
5 10 15 15 15 18 26 35 35 41
7 16 16 21 25 34 43 53 62 72
1 10 19 26 36 38 41 45 55 62
1 1 5 9 11 21 27 37 41 44
8 15 23 27 37 41 48 57 63 67
1 2 7 12 22 31 41 46 47 49
9 13 23 29 35 35 44 45 51 53
4 9 9 13 18 18 18 19 19 22
7 15 22 28 32 35 43 49 56 62
5 7 8 17 21 24 27 35 40 50
10 15 19 27 30 34 43 53 58 59
4 13 15 21 25 35 41 41 41 50
6 9 16 24 25 31 36 36 37 41
5 15 16 17 21 23 29 32 41 51
1 8 11 20 30 30 31 40 40 44
8 9 17 21 31 36 36 46 52 60
8 9 14 21 24 30 33 33 39 42
8 10 19 19 23 23 26 30 30 35
10 15 22 25 29 29 36 41 51 53
0 2 6 11 16 18 21 28 37 44
8 17 24 24 33 37 45 46 55 63
4 13 14 15 20 27 30 34 44 46
4 13 13 23 32 33 40 47 53 61
3 13 21 28 38 44 48 49 49 59
10 14 21 31 40 43 53 57 65 72
8 15 19 29 29 39 45 45 55 60
7 12 21 26 35 39 44 50 56 63
2 12 20 28 29 35 35 37 45 46
0 5 13 15 16 17 18 19 23 25
1 3 7 9 13 23 23 31 34 42
7 11 16 24 32 35 36 45 54 58
7 13 13 15 18 27 36 36 43 46
9 10 11 17 19 29 37 40 45 52
5 10 16 21 26 32 40 45 48 50
9 18 19 22 27 30 36 44 47 56
1 6 10 16 21 21 21 26 36 45
8 13 21 27 28 36 36 46 54 63
7 16 26 32 42 50 54 56 60 65
4 12 22 26 30 40 46 53 61 65
7 17 27 27 30 35 38 39 42 52
0 10 16 21 25 30 34 39 42 52
7 11 12 18 28 35 40 43 46 47
7 10 20 28 38 48 48 58 68 73
8 14 19 19 25 26 34 35 35 35
4 13 22 29 36 38 44 46 47 51
8 9 16 21 21 28 28 29 36 44
3 6 13 18 18 22 29 33 38 46
5 13 19 25 29 36 43 45 52 54
3 8 12 16 26 32 34 41 43 49
1 2 3 11 13 23 29 37 44 51
3 4 12 12 14 16 19 23 24 34
9 13 22 22 23 31 36 41 50 55
10 17 22 28 30 36 38 48 49 57
1 9 19 20 23 27 36 42 47 54
6 13 15 16 19 27 37 37 43 47
4 14 22 30 32 39 47 49 54 54
5 6 11 19 25 25 25 27 34 36
5 14 18 24 28 38 48 49 49 52
9 17 18 23 31 32 38 40 46 51
1 10 10 20 23 30 39 45 55 56
6 16 24 33 38 47 48 55 65 73
1 1 11 16 17 23 32 38 48 54
6 8 9 15 22 24 26 29 31 32
6 16 25 26 27 37 47 50 50 60
2 7 7 11 18 22 24 28 38 46
1 8 9 16 23 24 31 39 39 42
1 7 11 11 16 20 26 26 29 36
1 1 2 4 8 13 20 24 31 40
10 17 18 18 27 35 35 40 48 48
3 9 10 13 22 29 30 37 47 48
2 4 5 11 20 20 21 26 30 39
8 18 23 32 37 41 44 53 61 66
2 3 8 13 18 22 22 31 35 44
4 12 15 17 26 29 36 39 39 41
9 18 22 23 26 29 36 44 45 54
2 10 19 22 22 32 36 38 40 46
9 17 22 26 30 34 37 41 43 48
8 15 24 31 39 41 48 49 52 62
4 14 22 28 37 39 47 56 56 62
0 0 4 6 10 13 14 20 28 31
4 7 8 12 15 21 31 33 36 39
4 11 13 17 18 27 31 41 43 44
7 17 17 20 30 34 42 42 45 48
6 7 11 14 17 24 25 28 36 46
7 9 18 24 27 30 40 42 47 55
6 6 14 24 30 38 46 46 53 59
9 18 19 27 36 46 52 53 62 62
8 11 16 24 24 32 39 41 51 61
5 12 18 21 21 28 30 37 40 49
10 20 24 30 38 40 50 57 65 70
8 10 12 18 28 35 37 41 46 51
2 11 19 23 30 32 39 47 47 55
10 20 22 27 30 38 43 53 60 65
4 10 15 23 26 35 44 44 51 57
4 5 15 15 16 18 21 21 25 35
5 7 12 14 22 30 38 48 52 60
1 4 6 8 12 12 20 24 27 28
10 11 12 18 26 35 43 51 56 60
8 17 24 31 37 44 48 50 58 63
10 18 22 31 38 39 40 41 51 60
8 16 25 28 30 31 41 41 49 53
2 12 21 30 36 45 48 56 60 64
0 0 6 7 9 10 17 24 24 26
6 9 17 23 29 36 43 51 56 61
4 13 23 23 24 29 29 38 48 54
0 1 11 11 21 24 27 36 37 39
4 5 13 13 16 21 30 40 42 49
7 14 17 19 23 24 29 38 48 58
2 9 17 19 26 31 33 35 41 41
6 8 11 13 15 16 24 27 30 33
4 12 20 23 32 38 39 39 40 46
1 1 2 12 20 21 23 29 38 42
9 14 18 18 25 26 36 44 51 51
7 17 23 26 35 44 45 45 49 49
8 9 15 16 16 23 32 38 38 41
9 15 17 19 23 30 31 41 48 53
1 3 6 15 15 17 23 23 30 40
8 18 21 31 31 32 38 45 47 48
4 8 8 16 21 28 37 47 55 60
1 3 13 20 29 34 34 43 53 53
3 8 15 17 22 31 32 33 41 41
3 9 16 22 26 36 36 44 52 52
5 6 10 17 26 36 40 41 46 51
10 20 22 32 37 37 39 42 43 48
4 7 7 15 21 25 33 38 45 54
1 2 8 14 23 25 31 35 35 42
1 4 10 12 19 20 24 33 41 51
5 5 8 13 22 26 27 32 40 46
10 12 16 22 29 35 45 53 57 67
10 12 14 17 24 32 37 45 49 52
6 8 13 17 21 31 41 41 49 52
2 9 13 20 25 34 36 40 49 52
5 14 19 21 26 30 36 46 53 54
7 9 12 20 23 29 35 43 48 58
0 4 12 13 17 18 20 29 30 34
7 8 17 18 28 28 31 39 46 51
1 10 20 29 32 35 45 46 52 55
7 13 22 26 26 36 42 44 49 51
0 5 10 18 22 28 34 41 51 51
7 9 9 14 14 19 26 32 35 41
10 12 13 23 29 39 49 58 58 60
3 4 11 14 18 25 30 40 42 51
2 11 12 22 30 34 34 43 45 49
5 12 21 28 36 38 45 55 58 59
9 15 17 17 18 26 34 44 47 56
4 12 20 28 32 35 36 46 46 49
6 16 25 32 34 44 53 61 66 73
4 10 12 17 27 30 31 41 49 58
9 13 21 29 37 43 48 55 62 68
0 2 3 7 17 23 26 34 40 50
10 17 21 25 33 42 46 49 58 65
1 6 7 11 13 20 24 31 35 43
3 10 17 18 18 26 30 38 48 55
8 11 21 28 28 32 35 43 51 51
0 8 8 9 11 12 13 15 19 21
1 11 15 19 21 29 32 40 46 54
5 15 15 16 22 23 30 37 43 52
3 7 15 17 22 29 29 35 43 44
5 15 15 17 27 28 33 41 50 57
9 13 13 21 29 33 40 49 56 62
0 1 5 7 13 18 20 28 30 35
4 9 18 22 25 29 29 38 44 46
7 15 16 21 27 30 34 39 48 57
4 9 10 12 17 18 28 37 41 48
8 11 11 11 18 26 29 34 36 38
7 7 11 15 20 20 20 28 38 38
1 7 7 15 15 17 25 25 35 44
8 8 9 12 15 15 20 30 35 40
8 10 17 21 30 32 42 43 48 58
