1 5 8 13 14 24 34 35 41 45
4 8 17 22 28 33 42 43 46 46
5 10 11 16 16 17 26 28 28 31
6 13 17 17 19 26 29 36 36 44
1 6 9 19 27 32 34 44 46 56
2 9 9 13 21 24 32 34 42 49
5 6 15 15 18 26 26 26 31 37
6 11 20 22 29 35 39 46 56 60
7 10 15 15 18 28 37 40 48 48
5 11 15 19 19 27 36 38 47 47
1 9 16 16 17 18 22 31 40 46
8 9 9 14 23 28 37 43 52 55
3 6 10 11 13 13 23 32 33 37
7 11 16 23 30 38 39 43 43 50
10 10 16 18 22 27 31 40 43 53
6 8 14 16 21 26 34 36 39 42
0 6 7 14 18 27 36 46 46 55
9 15 17 24 27 27 35 41 50 50
10 12 17 24 27 28 33 37 37 40
9 18 25 26 27 34 37 43 52 56
0 6 11 13 23 25 35 36 45 46
6 6 13 20 23 29 38 39 40 50
2 8 8 8 18 22 30 34 34 41
7 14 22 24 27 36 37 40 47 54
8 18 24 33 37 46 49 53 60 60
6 15 24 30 36 46 46 55 57 67
4 4 12 16 20 21 31 38 40 42
2 2 10 14 15 23 24 27 32 40
8 15 16 16 25 28 33 38 40 42
1 8 18 28 31 38 48 58 59 62
9 10 13 23 31 33 39 40 41 49
10 18 21 24 26 32 41 41 41 46
2 7 14 15 22 32 37 42 43 44
1 4 11 14 24 30 35 41 44 45
10 17 18 27 35 43 50 57 65 75
0 4 9 18 24 27 36 42 51 60
6 10 13 19 26 35 43 43 48 55
9 10 15 22 31 32 41 44 44 54
10 11 16 19 26 31 32 41 49 55
9 13 13 23 29 29 38 43 52 59
3 9 14 23 30 35 41 48 55 57
3 12 18 19 26 36 36 38 40 49
1 9 11 14 19 22 28 28 35 39
10 16 20 26 33 36 42 52 55 65
1 3 4 13 17 22 30 34 41 44
0 1 5 11 19 22 26 34 38 38
2 6 16 20 23 26 31 41 47 55
9 16 22 31 37 45 50 60 66 76
4 6 10 15 23 30 37 45 52 52
3 9 16 26 27 36 37 42 43 52
9 12 15 25 28 36 36 44 47 56
3 10 13 17 21 30 39 49 51 61
6 11 15 22 23 32 38 46 50 53
10 18 23 31 35 43 50 59 63 64
9 19 24 29 36 44 51 52 62 63
4 12 16 21 29 32 33 37 41 45
5 9 12 15 22 29 32 34 34 44
1 1 8 9 17 24 30 35 40 50
7 10 18 18 22 23 28 35 45 52
7 14 15 17 19 22 22 25 30 35
8 12 22 22 32 36 44 49 55 64
7 9 14 22 30 33 43 52 55 63
9 19 23 30 40 43 49 58 66 74
3 10 19 27 31 39 48 57 59 61
3 13 15 25 25 26 31 38 39 43
3 10 14 19 29 34 38 48 56 59
8 17 22 30 36 43 45 50 52 59
8 11 18 26 27 29 33 38 39 40
2 6 8 16 17 18 28 35 36 42
6 6 16 22 26 36 37 41 51 53
3 11 12 16 16 21 28 36 41 50
2 9 19 29 34 37 44 47 53 55
10 19 27 32 39 43 47 49 49 49
0 4 5 8 15 17 19 20 26 27
9 18 26 31 34 42 44 53 57 63
4 13 17 27 35 39 44 44 48 57
9 10 18 24 33 42 47 54 57 62
1 10 13 22 29 36 38 45 52 55
6 6 12 19 22 25 32 33 37 45
10 12 20 26 30 33 36 46 47 54
3 8 15 17 20 26 31 40 42 50
1 3 4 8 12 13 20 24 29 29
2 10 20 22 28 29 35 42 45 49
5 10 19 22 28 36 45 47 52 57
4 10 16 19 28 37 47 54 64 67
8 15 24 30 30 31 40 40 44 51
2 8 17 24 24 29 38 44 54 59
4 5 6 8 10 15 24 31 41 51
9 13 13 19 19 26 26 32 32 41
6 14 23 32 32 32 42 43 48 54
10 17 18 19 29 37 47 50 57 63
10 12 14 23 24 30 37 46 47 52
9 18 18 25 27 34 44 54 62 65
1 7 12 13 14 23 31 31 38 46
5 11 18 24 32 38 42 45 50 56
7 9 17 20 26 31 33 36 44 51
4 7 12 20 20 21 21 22 25 29
7 7 9 15 19 25 31 37 37 47
5 11 14 17 26 34 44 52 54 59
10 13 19 28 28 30 34 35 41 44
3 7 15 19 29 29 39 41 48 48
1 11 16 21 30 39 40 47 53 59
0 3 11 15 24 33 37 46 46 49
9 17 18 20 26 30 32 41 49 56
7 9 17 25 26 29 33 37 40 40
7 17 27 32 39 45 49 50 53 53
9 10 11 20 28 33 34 38 38 38
5 6 16 21 23 28 36 41 46 54
8 16 24 25 30 36 39 40 43 44
3 6 10 10 18 19 22 26 28 36
5 6 10 13 23 26 32 37 46 46
2 11 18 21 23 28 36 37 37 40
9 11 13 23 32 32 39 42 44 50
10 14 24 29 36 40 44 52 56 61
9 17 22 31 35 40 47 57 57 67
9 17 17 27 32 33 43 44 49 55
6 13 18 24 32 39 39 42 44 48
8 13 22 29 39 48 52 54 57 67
7 16 17 18 24 30 40 46 47 50
9 15 20 21 30 32 35 45 54 60
7 15 17 21 26 30 37 45 49 59
9 16 22 26 27 31 34 44 47 55
8 12 20 21 26 29 39 46 48 54
5 12 16 17 27 29 34 41 45 47
1 3 9 13 18 24 28 30 31 32
4 8 11 18 20 29 33 39 43 46
4 9 9 9 17 17 25 28 32 42
3 7 15 24 30 34 37 39 44 46
5 10 18 20 23 28 34 37 38 43
0 9 13 23 30 31 40 49 53 62
6 6 10 19 28 32 39 43 43 45
9 15 24 27 30 33 34 36 37 46
7 12 13 23 33 42 50 54 59 62
3 8 11 21 30 35 45 49 54 63
8 8 10 19 22 30 37 37 38 47
2 6 10 17 26 35 44 51 54 62
4 7 7 12 12 20 28 37 39 44
1 11 17 19 20 26 29 32 39 46
7 7 10 19 23 29 38 43 49 54
3 8 12 15 16 22 32 32 39 40
9 10 16 18 28 30 34 36 41 50
8 18 25 31 40 40 48 58 59 61
4 4 6 11 12 19 28 37 47 50
9 18 18 20 20 28 30 30 30 34
10 12 17 19 21 31 34 43 43 50
8 12 13 19 27 35 37 45 55 60
2 11 21 21 22 29 31 36 41 44
7 9 12 15 18 28 34 38 47 56
2 9 14 17 25 34 35 38 45 47
10 18 26 31 38 42 44 47 54 62
9 9 12 12 17 19 25 27 32 40
1 4 7 9 18 23 25 25 35 36
1 6 8 13 18 24 25 29 34 43
8 13 14 15 18 28 33 34 39 47
8 8 15 17 19 29 31 38 47 52
5 9 15 15 21 25 35 40 41 44
5 15 16 26 33 40 40 49 52 58
1 6 7 16 20 23 32 38 44 50
2 11 16 16 18 26 30 39 45 53
6 9 16 20 26 31 39 42 43 48
9 14 19 21 30 30 31 39 40 41
1 2 3 5 7 13 15 21 21 24
8 17 25 29 39 45 45 51 58 64
8 10 11 20 30 30 30 36 42 46
4 7 16 21 31 36 44 50 53 63
0 4 10 12 21 22 27 36 44 49
9 14 19 26 35 38 43 46 56 59
4 14 17 22 26 34 35 41 41 51
3 6 13 16 16 21 29 38 40 48
10 12 21 30 36 42 43 44 44 54
9 9 11 16 19 22 24 28 31 41
3 13 19 20 24 28 33 39 45 54
1 11 16 21 21 27 36 41 42 51
0 7 13 13 16 23 27 36 44 44
10 12 14 19 25 28 31 34 43 48
3 5 10 20 28 29 31 36 44 50
7 11 11 20 21 27 33 42 46 49
1 1 11 15 25 33 34 40 45 45
8 9 19 29 29 39 46 52 60 63
1 1 6 9 10 10 12 20 26 27
2 5 6 9 15 15 20 21 29 38
9 9 16 21 27 29 32 40 45 49
3 10 11 15 25 31 35 38 39 44
3 8 8 15 25 25 35 41 43 45
2 5 11 16 17 25 35 44 54 61
1 9 13 19 23 25 28 28 30 37
3 13 21 29 34 40 42 45 51 56
3 5 8 16 18 25 29 29 29 33
2 5 6 8 10 18 20 25 35 45
1 2 12 13 15 24 34 40 49 56
4 6 15 15 19 29 29 29 29 39
8 10 20 30 37 44 51 54 58 60
3 5 5 8 11 14 23 23 32 37
9 11 16 25 34 38 44 48 50 55
3 13 14 19 21 23 32 32 34 41
1 5 7 13 14 20 26 34 41 46
8 16 20 26 32 36 36 38 45 45
10 11 15 16 19 20 27 28 37 41
0 0 3 5 12 16 20 27 33 39
9 14 21 26 28 37 41 45 52 62
4 11 16 26 35 35 40 49 57 59
1 2 4 4 11 21 27 33 40 43
10 13 21 21 31 39 47 55 56 59
8 15 17 20 21 31 39 46 47 49
6 7 7 16 22 23 32 35 35 40
10 19 21 29 36 43 45 46 52 53
7 7 8 13 16 22 28 38 43 46
8 18 26 33 40 45 45 47 48 53
0 7 8 11 14 21 28 38 45 47
1 8 13 15 24 30 38 42 46 49
0 3 8 17 21 25 34 44 54 63
7 12 15 15 25 27 28 37 40 48
8 13 20 21 22 31 34 34 36 44
4 4 13 16 19 24 28 35 38 48
6 15 22 29 33 39 41 41 51 56
0 1 7 9 14 21 30 33 35 37
0 1 8 10 10 16 26 33 36 45
6 16 24 27 36 41 50 58 68 73
0 3 13 21 26 30 40 46 51 52
3 7 8 8 17 18 21 23 33 33
0 9 18 26 27 31 32 36 40 47
3 4 4 13 17 25 31 37 40 46
6 14 15 17 22 29 31 39 47 50
1 3 7 10 18 25 34 44 47 56
9 12 12 15 20 28 38 41 51 53
10 18 25 28 38 46 53 57 62 66
0 0 7 8 10 18 23 32 37 40
1 3 8 12 21 28 30 37 39 39
6 15 15 15 25 26 34 43 43 44
9 11 12 22 22 30 35 41 51 60
8 16 26 33 43 47 47 47 48 53
8 8 8 15 19 19 20 28 28 32
7 14 21 23 28 28 29 35 41 44
3 7 15 16 25 25 32 32 39 46
5 8 16 23 27 36 39 48 58 61
10 19 28 34 38 38 40 42 43 43
5 10 17 27 31 35 41 43 48 50
5 6 11 14 20 22 22 24 32 40
1 9 18 27 35 38 39 45 45 54
6 9 14 18 24 30 30 40 50 56
1 10 13 21 29 39 45 49 55 58
3 4 13 20 30 39 43 49 58 62
8 13 21 21 26 28 30 38 47 55
5 12 14 17 25 29 38 43 53 57
10 13 19 26 27 36 42 49 54 57
4 7 10 12 18 25 31 36 39 44
2 3 11 21 21 27 34 38 40 44
3 6 11 11 13 16 21 31 41 42
6 14 23 27 27 33 38 42 43 52
10 20 24 30 31 32 32 38 46 49
5 11 12 17 23 30 39 43 48 52
6 6 6 16 22 27 28 33 41 50
2 8 17 22 26 26 34 35 38 39
3 3 8 17 19 24 32 32 35 42
2 3 6 13 13 14 21 31 39 46
10 12 17 25 35 39 44 54 60 60
8 15 22 31 34 35 42 47 57 62
2 5 15 15 16 17 24 31 41 43
3 6 8 15 15 15 24 25 32 32
1 8 8 12 12 14 18 18 18 21
10 12 15 19 24 30 31 40 41 46
7 12 20 21 25 31 38 42 46 54
6 10 10 14 17 20 21 25 29 38
6 14 15 16 25 28 35 39 49 57
2 10 17 25 32 33 42 45 45 47
4 11 16 22 30 31 34 42 48 50
1 5 9 18 20 30 34 39 40 49
2 7 9 18 20 24 26 33 35 44
5 5 12 17 20 21 23 29 32 35
1 1 11 12 18 25 33 35 41 41
8 17 20 26 27 36 45 47 51 59
10 13 16 16 22 27 35 40 41 47
1 9 17 23 24 33 41 50 56 58
6 6 10 11 21 28 37 39 40 44
3 13 17 24 31 35 42 51 60 60
10 16 18 21 28 32 40 44 45 52
7 9 12 20 23 30 35 40 41 50
7 11 15 24 32 34 41 42 50 51
8 16 20 26 28 34 38 39 48 52
7 10 15 15 19 29 29 31 31 32
9 11 17 25 35 41 48 51 61 70
1 3 6 7 7 12 19 26 36 40
3 3 6 9 9 12 20 29 36 38
6 7 11 16 19 26 28 36 46 52
8 11 17 17 21 27 32 34 37 44
10 16 22 24 29 31 34 43 43 52
9 12 14 23 24 26 27 35 37 47
6 12 14 15 19 27 37 38 38 44
0 2 7 16 21 31 41 50 52 59
6 12 16 22 30 38 42 50 50 59
9 11 18 19 19 23 29 35 44 45
3 3 6 12 21 31 35 39 48 48
0 9 16 23 26 26 28 38 40 45
0 4 11 13 13 21 25 33 38 42
1 1 8 13 20 24 28 37 43 49
4 12 18 25 33 35 39 41 43 50
1 2 12 16 17 25 34 42 51 55
2 7 14 14 23 30 34 43 48 58
1 1 4 11 17 27 35 43 47 56
8 15 15 19 26 27 29 29 34 37
0 5 12 14 14 24 34 35 43 44
0 5 11 19 21 24 29 32 36 46
3 9 15 16 25 26 30 39 47 48
3 5 5 11 20 29 35 39 41 41
9 11 13 19 21 21 22 29 32 35
7 16 18 19 21 26 35 42 50 54
4 7 11 11 13 13 22 24 32 36
3 7 14 22 29 31 33 37 44 46
0 4 6 14 21 21 25 25 31 39
10 10 12 18 21 24 30 31 31 41
7 8 13 22 24 30 30 35 45 47
1 2 2 4 5 8 8 8 12 13
0 2 5 6 13 22 29 30 33 37
10 13 22 25 33 33 40 44 44 53
9 11 14 18 20 25 27 36 37 40
5 5 5 12 14 19 19 26 33 40
8 18 22 24 26 30 34 35 44 52
1 3 7 13 18 22 25 31 41 44
0 9 16 24 25 27 28 28 29 39
3 5 5 9 19 25 33 35 38 46
5 15 25 25 34 44 47 56 60 62
6 7 8 12 19 20 29 35 45 53
0 0 0 1 8 16 19 23 23 25
1 4 14 22 26 35 42 50 56 65
8 12 16 19 19 22 26 29 29 35
9 16 24 33 37 46 50 50 55 64
9 9 16 19 26 31 35 38 46 52
6 7 8 13 14 23 32 39 45 53
3 8 18 27 34 42 44 45 50 53
4 9 15 24 32 42 51 58 68 68
4 7 13 17 23 23 33 39 39 39
10 17 26 26 35 44 51 51 55 65
10 17 27 36 41 45 45 47 53 54
7 15 20 27 37 43 53 62 66 72
2 6 10 17 17 21 24 29 39 44
10 10 11 11 14 20 30 36 37 44
4 6 6 13 23 24 24 29 31 39
6 9 14 15 21 28 34 34 42 47
4 12 19 22 26 29 32 32 40 48
8 9 12 22 32 37 45 45 52 60
0 7 16 24 32 35 38 46 52 55
0 8 18 19 19 22 26 32 35 37
7 15 25 32 36 44 47 49 53 59
2 11 12 17 20 23 24 34 41 48
1 8 12 12 21 25 34 37 46 53
1 11 12 19 20 20 21 30 30 37
9 12 13 23 28 31 41 45 54 60
7 13 19 24 27 37 47 48 55 63
1 4 12 19 25 26 33 35 39 44
6 12 15 22 23 28 35 38 40 41
4 6 14 23 27 29 33 41 47 53
3 7 14 20 28 36 40 48 51 55
4 9 13 23 24 31 37 37 38 40
1 8 13 14 16 22 31 37 47 54
4 6 7 13 13 16 23 29 32 34
7 14 21 22 28 36 44 52 61 65
2 2 2 4 9 18 25 32 32 42
0 8 12 15 15 15 22 26 34 35
4 14 24 24 29 38 46 54 64 70
6 6 10 13 14 15 20 27 36 44
0 7 17 24 26 32 34 44 48 49
10 14 17 22 32 35 42 47 47 54
2 10 11 12 21 25 34 43 53 57
0 3 8 15 22 28 38 41 51 56
4 10 19 21 23 24 29 33 37 43
0 7 17 20 24 34 35 36 46 49
10 16 24 27 27 34 38 38 41 41
0 9 14 19 19 25 28 36 44 44
10 16 21 26 26 36 43 50 59 60
8 18 22 29 31 37 46 52 57 67
9 17 19 27 33 37 45 45 54 63
9 19 19 26 29 30 37 38 44 51
9 16 22 26 31 34 39 40 47 57
8 11 19 26 29 37 46 52 53 63
1 9 15 23 23 26 35 41 47 51
1 8 10 10 20 28 32 40 50 52
1 5 8 12 15 19 19 20 29 30
4 10 13 19 25 33 41 45 51 51
8 17 23 25 34 44 50 55 65 75
5 5 12 21 28 35 40 47 52 57
0 3 13 14 17 22 25 27 33 37
1 5 7 13 20 27 27 29 30 34
5 10 14 16 17 20 27 27 32 39
1 2 10 17 17 18 19 25 34 35
8 16 18 23 25 33 34 43 52 56
0 6 10 20 30 34 37 47 50 50
8 9 17 25 31 32 36 36 43 43
5 5 7 12 17 22 22 22 29 30
3 9 19 20 25 29 32 37 46 48
1 6 12 12 17 24 25 25 30 34
2 2 8 17 19 25 29 30 32 38
5 11 11 15 21 29 35 45 54 56
0 7 14 24 27 36 36 46 49 53
5 12 22 28 28 31 38 41 42 49
3 12 20 22 28 28 38 46 48 55
4 4 11 16 19 20 25 31 40 43
3 3 13 13 16 23 29 29 34 42
10 18 19 21 21 28 29 30 35 45
1 6 12 17 19 20 22 30 36 40
0 8 14 21 21 29 31 37 44 51
5 6 7 13 16 23 33 41 50 57
4 7 17 19 29 36 42 49 53 60
5 11 21 27 27 30 40 44 44 52
7 7 10 20 20 21 27 32 36 44
5 10 18 21 29 35 36 42 43 43
10 10 18 26 33 41 41 48 53 54
7 14 19 29 32 35 37 40 42 50
1 8 9 15 18 23 27 29 36 43
0 3 7 16 25 34 42 44 46 47
6 6 11 18 24 31 37 40 47 57
1 1 8 13 22 25 34 35 39 41
2 7 8 16 19 26 36 37 38 44
5 11 16 20 21 31 40 44 44 53
4 5 9 9 15 19 25 32 34 35
8 11 16 18 25 31 36 44 44 45
8 14 15 21 26 31 36 42 50 54
8 16 25 28 36 43 44 53 54 63
1 8 10 15 20 30 31 40 45 53
3 13 14 15 19 22 24 31 33 37
8 16 17 27 29 39 48 52 58 67
3 10 15 23 33 39 43 43 44 49
0 2 9 16 20 23 30 32 33 42
10 15 17 17 21 29 37 42 47 50
8 16 24 30 38 45 52 54 58 65
7 9 11 11 11 13 21 25 32 35
9 19 28 33 38 39 48 54 60 66
1 9 16 26 26 27 27 28 38 46
1 9 17 20 27 30 38 44 54 57
8 18 24 34 38 46 50 57 64 66
0 5 6 15 20 20 25 27 28 35
4 9 17 20 30 38 44 47 48 55
0 10 11 20 26 35 43 52 61 65
0 7 8 8 13 15 18 20 26 34
0 2 8 10 12 13 19 24 31 40
8 15 22 22 32 33 38 38 42 43
6 11 19 27 27 30 38 47 55 59
8 18 28 31 33 41 43 50 59 69
3 11 13 13 21 31 39 48 58 58
9 17 22 29 36 44 48 53 58 60
7 16 20 24 26 30 37 37 47 50
0 2 4 5 8 9 18 19 21 21
7 16 16 20 30 32 38 44 51 58
5 7 11 11 19 28 32 35 39 42
0 1 6 8 11 19 28 29 33 38
7 11 20 21 31 33 34 37 39 40
5 10 11 15 23 24 26 35 40 47
8 17 26 36 39 41 48 57 58 65
8 16 18 22 26 34 43 45 53 53
1 3 12 13 20 22 29 33 39 40
2 6 7 10 14 21 25 32 39 39
8 11 11 17 17 18 26 33 33 36
7 16 16 21 30 40 47 53 60 61
2 5 8 17 20 30 31 31 32 34
6 15 24 31 34 34 36 38 47 52
10 20 20 29 31 38 44 52 62 70
6 14 16 24 29 35 36 37 40 48
8 10 11 21 21 24 31 40 40 43
10 19 29 37 47 48 49 55 61 63
1 10 14 19 23 31 38 38 39 46
9 16 23 24 34 44 45 46 46 56
10 10 13 20 23 23 25 33 36 39
3 11 14 21 24 30 35 43 45 54
0 0 4 14 17 25 25 33 40 44
5 10 20 29 34 42 47 48 48 54
5 6 9 12 16 16 25 31 39 46
4 5 9 10 15 19 29 31 37 44
1 3 8 12 20 21 22 30 30 40
10 13 15 17 22 26 32 41 46 51
0 8 12 12 19 23 24 34 36 46
7 7 10 20 21 26 36 41 47 54
2 5 10 11 15 25 34 35 39 48
10 15 23 24 33 36 40 48 51 61
1 11 12 12 17 27 34 36 42 44
2 7 17 17 26 31 37 43 43 46
4 12 18 27 36 40 50 60 68 78
4 12 16 17 23 33 38 44 54 62
3 6 10 11 16 26 31 37 44 52
0 10 14 17 21 31 39 49 54 54
1 8 14 22 24 25 34 39 39 43
3 13 21 22 30 38 45 50 56 61
1 11 16 25 34 43 52 52 59 64
0 6 9 17 17 26 36 40 42 51
9 12 16 23 29 33 38 48 48 54
7 11 20 30 33 37 47 51 55 59
9 13 19 20 29 30 37 46 52 60
5 12 12 17 25 29 37 39 39 44
0 7 16 21 21 22 28 38 45 53
3 11 12 13 23 28 32 38 41 42
6 11 20 23 23 30 39 46 56 63
5 15 22 31 39 46 49 52 57 65
0 7 8 8 10 10 18 22 30 31
6 15 15 25 26 26 26 36 46 55
8 10 14 16 26 34 35 44 44 45
3 3 9 11 11 15 24 33 43 45
10 13 15 24 32 34 36 38 44 51
7 12 18 25 33 36 46 51 52 61
2 6 15 18 27 37 44 45 54 64
6 13 17 22 28 37 43 44 50 51
3 11 11 20 27 29 32 41 50 50
9 15 17 18 21 25 31 34 40 45
3 13 20 25 25 26 35 44 51 55
10 14 15 23 25 33 37 44 53 55
4 13 19 24 31 40 43 44 44 47
2 8 17 17 18 20 22 27 36 38
3 8 14 16 17 26 31 32 39 49
2 9 14 17 19 21 26 33 42 51
4 6 6 10 13 13 13 13 21 21
3 13 20 27 31 39 44 45 53 55
7 8 14 15 21 28 28 32 32 42
9 12 17 18 21 25 26 29 31 34
3 12 17 25 25 32 39 44 50 60
7 8 14 19 25 29 33 43 45 48
7 17 19 29 38 41 42 45 55 58
3 10 18 22 24 33 39 43 46 51
8 13 14 17 22 28 32 35 38 48
0 6 7 12 19 21 22 25 34 38
6 13 23 25 25 31 34 34 34 40
7 13 21 27 28 35 35 40 50 59
6 15 21 22 23 27 30 31 37 37
2 10 11 17 19 22 31 32 34 38
9 9 17 25 25 25 30 36 45 54
2 11 11 13 21 23 28 30 36 38
3 6 13 23 29 39 45 48 48 58
8 12 18 27 29 34 44 51 54 61
2 5 7 17 26 36 40 44 47 51
1 10 12 21 23 23 29 37 46 46
4 13 14 15 21 24 24 29 35 38
9 9 16 18 25 30 35 38 46 56
0 4 6 11 18 22 32 39 44 53
0 5 15 23 31 39 41 46 53 57
8 15 21 28 28 34 44 45 46 48
10 16 22 27 32 32 34 43 50 50
5 8 9 10 20 27 36 43 53 61
8 14 23 25 31 33 36 44 54 62
8 16 20 20 29 35 39 46 51 58
8 11 16 16 18 27 32 39 39 45
6 13 22 27 28 33 35 35 36 43
2 3 11 18 20 25 28 37 43 47
0 8 18 27 33 35 40 46 49 55
5 9 17 24 30 34 35 40 46 48
9 9 19 28 38 48 58 64 71 81
7 7 14 18 26 36 40 40 42 48
9 19 23 26 33 41 49 58 68 71
2 6 8 16 26 32 36 40 43 46
0 10 15 18 25 26 31 38 38 46
0 3 11 19 22 23 27 27 31 40
2 3 4 4 14 19 29 39 49 54
10 15 20 20 21 21 26 30 38 46
3 4 10 10 17 18 18 19 29 38
8 18 27 32 33 37 39 41 50 59
1 2 3 4 12 18 24 25 33 39
7 16 25 25 26 34 44 51 59 60
0 5 9 12 19 28 36 46 52 53
0 3 6 10 14 24 29 33 35 45
5 7 7 10 19 27 29 34 43 44
7 11 19 26 30 40 43 44 45 55
5 7 12 20 21 22 22 31 38 40
2 11 17 19 23 33 38 45 45 50
0 10 11 21 31 32 41 48 58 59
3 6 16 24 24 25 30 36 44 48
1 8 16 26 33 43 44 48 49 56
10 10 10 16 23 30 31 35 39 44
9 10 19 20 22 25 32 39 46 51
1 5 15 19 21 25 33 35 41 48
7 14 15 23 26 30 40 41 46 49
10 11 18 25 35 36 41 51 53 57
10 12 13 13 15 17 25 30 38 45
0 7 7 7 9 10 15 17 27 35
2 4 10 16 18 22 25 33 39 46
2 4 14 20 28 34 44 50 54 55
10 19 29 35 45 51 60 67 72 74
10 15 21 23 27 32 41 46 46 53
7 12 18 18 22 27 32 35 38 41
4 13 22 27 34 42 46 50 57 57
5 8 12 17 23 30 40 47 47 50
3 12 16 25 34 34 44 50 58 68
0 10 19 26 36 46 46 51 55 60
9 10 17 19 29 39 41 44 51 54
9 15 18 28 31 34 44 51 61 70
9 11 17 23 28 38 43 45 54 55
10 14 14 17 24 27 29 32 32 42
9 15 22 29 32 39 40 47 47 51
3 10 15 21 23 31 31 31 34 36
9 12 12 18 18 26 27 37 46 56
9 19 19 23 31 40 48 49 53 53
7 16 22 31 32 37 40 40 46 55
1 1 2 7 10 17 17 20 24 27
6 16 21 27 32 36 39 49 49 53
6 15 18 22 26 33 37 46 56 56
6 14 20 27 27 30 38 46 55 61
4 12 13 20 23 29 35 44 51 61
5 8 9 19 19 28 32 42 43 52
3 8 8 10 16 20 30 30 34 43
7 9 9 11 20 27 37 39 39 46
5 12 20 23 26 32 32 34 41 47
10 10 18 26 33 34 42 45 45 45
10 10 11 13 22 23 29 36 45 49
4 11 19 26 32 41 49 54 64 66
4 11 17 23 24 24 25 32 40 42
2 12 17 17 17 27 37 45 47 50
0 1 1 3 4 8 15 22 28 32
10 18 21 26 27 29 32 42 49 50
6 14 16 21 27 33 42 43 46 56
1 2 9 10 16 16 17 24 25 35
4 12 13 16 25 33 40 42 46 50
8 10 14 14 16 18 18 26 36 42
6 8 12 19 21 25 32 41 42 50
0 7 14 22 27 34 43 46 49 58
9 16 20 27 33 36 46 51 57 66
7 14 17 20 26 32 42 49 52 59
0 2 9 12 20 23 23 31 35 36
10 18 20 20 20 28 36 40 50 50
9 15 24 30 38 45 53 57 64 69
4 13 16 22 23 23 29 29 38 46
6 15 20 20 29 31 33 41 43 52
0 1 5 6 15 18 25 29 32 36
4 14 16 26 28 34 43 50 50 57
0 0 10 10 16 26 33 40 41 41
9 16 24 29 32 38 48 52 58 63
7 9 12 16 24 32 38 38 48 52
4 4 6 13 18 22 28 35 38 40
1 2 6 15 23 28 28 34 41 46
1 1 2 6 15 16 25 33 42 50
4 7 16 25 33 42 50 50 53 53
10 14 18 28 29 31 40 50 59 68
4 8 8 9 18 22 28 29 37 47
10 16 18 24 32 36 45 46 47 51
8 14 14 21 27 28 33 41 51 60
3 3 10 10 15 19 27 34 41 46
9 18 22 30 32 41 43 49 53 57
9 14 21 22 31 31 32 34 43 43
6 7 10 10 18 18 28 29 36 45
1 3 10 10 17 25 32 33 38 39
3 6 15 24 24 29 32 34 41 48
5 13 18 18 18 20 21 21 30 38
2 8 15 20 26 34 37 47 54 61
0 4 4 10 10 16 25 34 40 45
6 16 20 24 26 33 35 37 40 46
7 8 11 12 18 19 27 30 30 36
9 19 28 32 41 46 47 48 55 63
4 4 13 16 20 30 36 45 47 57
2 9 9 15 25 31 38 40 50 53
4 8 9 11 20 23 31 40 43 53
6 10 20 24 30 31 37 47 56 56
8 13 15 23 32 42 42 49 54 59
4 11 11 19 22 30 36 43 49 49
7 8 9 12 22 30 30 34 40 42
6 9 14 21 27 37 40 41 49 50
9 17 18 24 32 39 39 41 51 57
8 13 22 28 31 39 47 48 58 66
1 9 19 29 30 37 40 40 45 52
6 9 19 20 21 29 34 44 51 60
3 10 17 18 18 28 35 44 50 50
5 10 14 15 16 26 29 29 35 39
5 14 23 29 39 45 47 53 56 59
7 9 16 22 23 31 39 48 51 54
9 14 16 17 19 29 39 45 54 62
7 10 11 11 15 15 17 20 20 25
9 11 14 14 23 33 41 42 42 50
6 9 11 20 21 24 31 33 34 40
10 17 18 19 29 37 45 52 56 65
0 2 7 9 13 17 23 28 38 38
8 8 11 20 27 29 34 35 43 45
5 7 10 11 16 19 20 28 30 30
6 9 19 29 37 41 44 52 62 66
10 13 23 26 35 42 51 58 65 71
2 7 16 22 25 31 36 39 41 43
5 13 17 20 21 29 37 47 49 55
5 8 15 20 27 31 31 36 38 38
7 11 12 14 15 22 31 31 31 31
4 7 17 27 28 38 47 48 58 64
10 19 25 32 40 40 45 54 62 63
10 19 23 33 33 37 37 40 49 53
2 8 8 13 17 19 20 22 28 30
5 11 16 17 22 29 38 40 48 50
0 2 6 14 18 20 23 27 31 41
9 18 26 30 36 43 46 55 65 71
6 10 10 18 19 21 23 30 36 38
9 18 21 30 39 46 55 64 68 71
9 12 22 24 26 34 36 44 45 53
1 11 17 18 18 26 31 31 38 39
7 16 17 24 32 36 39 39 44 44
5 11 17 25 35 36 38 48 51 56
2 5 7 15 22 25 30 36 46 47
10 16 17 23 24 32 42 51 51 51
5 11 18 18 25 35 42 46 48 50
4 12 16 18 28 30 35 36 40 45
3 6 10 11 14 20 30 38 48 51
1 4 14 18 25 29 33 37 38 39
5 9 15 17 24 24 30 31 41 43
9 18 26 27 36 40 44 46 52 58
10 11 21 26 29 33 37 43 44 54
6 15 24 27 37 46 53 55 61 71
10 13 17 24 30 40 50 54 63 64
8 15 21 29 38 48 57 61 69 73
2 7 7 8 9 16 25 34 38 42
5 8 10 15 16 25 34 34 40 42
7 13 19 19 22 26 36 41 41 42
3 4 5 5 14 22 26 36 39 43
4 4 7 13 17 23 24 30 38 40
1 7 11 19 26 35 40 48 48 50
8 11 18 26 30 34 44 47 52 52
2 4 8 13 16 25 31 34 43 50
8 12 18 26 32 37 39 42 46 51
3 5 13 19 25 26 29 32 41 44
7 8 14 19 24 33 35 45 52 57
9 19 28 29 33 38 38 45 54 54
6 7 11 11 15 23 26 32 35 36
3 10 18 23 32 36 41 43 51 61
7 16 19 28 31 40 40 43 53 58
10 12 22 31 38 39 45 46 53 63
2 10 16 23 23 30 39 48 50 50
4 9 15 17 18 22 28 38 46 52
8 15 17 17 23 23 27 31 41 50
6 12 19 21 23 32 42 45 54 63
0 4 8 12 16 18 18 23 28 28
8 13 22 31 36 42 48 51 57 60
9 17 19 29 38 48 56 57 63 64
2 12 18 24 34 34 35 41 51 52
9 15 22 25 28 29 37 46 46 55
9 10 11 14 17 18 21 21 22 26
4 9 14 17 22 29 35 43 53 58
2 3 9 19 20 27 30 35 42 48
0 4 5 11 15 21 23 27 28 32
6 8 10 20 24 28 36 43 51 61
1 10 14 20 24 31 32 39 43 52
2 9 10 14 22 23 33 42 49 56
0 1 4 6 16 25 30 38 40 47
8 8 8 14 20 26 33 38 46 49
3 10 11 20 29 39 43 52 52 56
4 4 5 13 22 22 29 39 43 53
10 14 17 19 23 27 33 36 37 39
6 14 22 23 31 39 42 45 50 56
7 11 13 21 29 31 36 42 50 57
9 9 13 22 23 24 31 38 47 54
5 12 15 21 23 28 35 36 39 47
7 13 14 23 28 28 36 38 38 41
1 11 17 27 36 45 45 50 55 58
0 0 10 16 22 29 30 32 38 48
7 12 18 20 27 34 37 37 42 45
9 17 24 31 35 44 54 56 58 58
7 11 12 19 23 32 35 45 47 47
2 9 19 25 35 36 46 48 55 65
7 8 8 10 19 22 29 32 40 44
5 6 16 23 30 31 32 32 41 44
6 12 13 15 17 18 26 30 37 43
8 18 28 35 37 39 43 43 45 53
4 10 15 24 29 33 37 43 45 45
6 10 14 20 29 39 47 53 57 62
5 15 20 25 29 31 39 41 41 45
4 12 16 17 21 24 24 32 33 35
3 4 6 8 8 9 16 22 24 28
0 5 5 13 22 28 29 38 43 51
5 6 7 14 17 21 22 26 30 33
9 9 18 25 34 35 40 48 52 61
2 12 14 15 16 19 25 31 38 45
9 19 28 29 29 38 38 45 51 55
5 10 14 19 23 24 25 28 38 43
8 13 13 22 28 37 40 48 56 62
2 2 8 9 17 27 33 38 42 44
6 10 17 26 36 40 45 48 50 60
8 9 15 16 16 20 22 23 33 39
10 16 16 17 26 29 39 43 46 56
9 18 28 32 35 43 52 53 63 65
1 10 12 17 24 28 36 38 40 43
2 3 13 17 23 29 31 41 45 47
6 8 8 12 22 31 39 44 54 59
5 14 21 22 29 29 34 35 37 40
10 11 21 26 33 39 45 51 60 66
6 10 13 18 18 24 28 30 33 40
6 6 14 19 24 29 34 43 52 62
3 7 13 16 18 24 28 36 42 42
10 10 20 26 27 32 39 44 46 47
3 13 20 27 36 44 52 58 63 72
4 12 15 17 25 33 37 37 38 39
7 12 22 29 37 45 45 54 60 65
8 18 26 28 32 40 47 57 60 68
10 13 14 18 21 22 26 31 31 33
9 11 17 19 21 23 24 24 31 40
5 15 15 17 26 34 35 40 50 59
4 6 8 14 24 29 35 37 40 49
2 9 14 14 21 23 28 28 37 46
6 14 23 31 36 46 55 64 73 78
3 5 11 20 27 33 43 53 57 62
9 13 15 21 21 26 33 36 43 48
2 10 17 26 33 38 40 44 47 56
0 2 3 10 15 22 25 27 36 36
8 8 18 28 36 43 52 61 66 70
6 13 23 28 35 45 54 61 66 72
10 17 25 33 33 38 47 56 62 71
0 5 7 10 18 22 30 39 39 42
2 7 15 15 23 30 34 40 49 59
10 13 19 19 28 35 45 49 54 57
8 15 17 20 25 31 34 39 40 47
6 7 13 16 26 33 43 43 45 47
1 9 18 26 36 44 44 50 51 58
8 16 26 29 33 38 48 51 57 67
2 2 12 17 22 30 30 35 42 47
2 4 5 9 12 22 28 33 35 45
10 10 13 17 17 26 26 36 37 45
5 11 18 21 22 25 32 41 48 54
8 12 12 19 24 28 31 36 38 47
1 5 8 12 15 15 25 31 41 50
0 8 8 10 11 17 19 23 28 29
2 4 4 4 11 13 13 17 17 23
2 11 12 16 19 27 31 38 40 41
1 7 16 16 22 24 32 39 42 47
6 14 14 15 24 31 36 38 43 53
10 16 23 28 31 39 40 41 50 52
9 13 16 19 23 25 28 36 38 46
1 9 13 15 19 29 39 44 44 46
7 15 23 28 34 35 42 52 55 65
4 11 16 21 27 36 38 45 51 57
8 12 17 18 21 22 30 37 43 51
4 5 12 22 29 30 31 37 40 49
9 18 23 24 27 31 32 37 41 51
2 8 18 20 28 33 36 37 40 43
8 11 12 15 16 19 28 37 39 40
5 15 21 22 23 28 34 42 42 44
9 17 17 19 21 26 31 39 46 47
6 8 8 15 16 18 20 20 20 29
1 2 9 19 28 31 33 35 45 47
5 15 20 21 27 35 45 46 51 57
2 7 10 19 19 28 34 42 44 47
10 14 16 26 29 32 41 41 41 51
10 19 20 29 35 40 45 46 53 61
7 7 15 19 23 28 30 31 32 37
1 11 19 25 31 32 39 43 49 52
7 9 14 19 25 32 33 33 36 45
5 15 21 23 23 24 24 30 38 47
0 3 10 19 20 28 36 44 50 59
3 8 16 17 20 30 35 38 45 54
10 20 28 37 41 51 57 63 65 71
4 9 18 26 36 43 49 51 61 70
1 6 11 13 16 20 21 25 33 39
10 19 26 26 31 36 37 43 53 63
10 11 14 21 21 23 24 30 32 42
3 11 18 20 23 28 29 32 39 49
7 12 17 21 27 32 38 48 50 59
8 10 19 23 24 24 28 28 31 34
4 4 14 18 18 26 35 37 37 37
0 3 3 8 8 16 19 22 28 32
3 10 11 20 22 27 31 32 37 42
3 13 16 22 30 33 36 43 46 46
6 13 23 23 31 38 47 51 51 53
10 18 23 26 36 41 48 54 55 59
4 7 16 25 27 27 34 35 40 40
4 5 12 12 21 24 31 41 51 54
0 1 8 15 24 25 26 31 41 42
6 6 15 20 24 27 34 34 39 42
7 12 13 16 18 26 36 40 40 41
0 2 3 12 19 27 37 39 47 51
1 8 14 19 22 25 31 34 43 49
9 14 15 20 27 37 47 56 66 73
7 10 10 15 17 18 21 30 30 32
5 6 6 12 17 21 23 33 37 46
5 13 13 15 25 32 39 46 50 50
3 5 10 13 14 20 29 32 33 33
0 7 12 20 26 32 37 41 41 48
1 9 13 20 20 29 31 37 45 53
7 10 14 22 23 29 32 39 49 50
8 12 20 24 32 33 33 38 48 51
9 18 23 24 24 27 27 30 33 34
7 17 24 31 39 40 45 45 52 52
6 14 20 20 24 34 37 40 50 60
4 6 16 20 28 35 36 46 51 59
0 7 8 13 13 21 30 32 36 36
6 14 16 22 25 26 30 32 41 42
2 11 12 15 23 27 28 32 36 40
4 8 12 19 23 33 42 50 50 54
9 10 12 15 17 25 31 31 40 40
2 12 14 20 28 36 37 39 47 50
10 20 22 27 30 34 44 50 52 58
0 9 11 12 19 22 27 35 40 43
8 14 24 27 37 37 39 41 51 57
6 14 18 23 27 29 35 40 47 54
10 11 20 21 21 25 33 43 45 46
5 11 20 30 40 47 57 66 66 72
9 15 18 25 28 35 35 38 42 43
3 5 13 19 24 26 35 36 45 46
7 14 24 31 31 31 35 35 35 42
7 15 24 24 32 39 49 51 53 58
10 13 20 24 34 38 38 38 47 52
4 11 20 28 29 29 35 44 51 51
0 7 17 25 33 42 50 60 64 64
10 12 17 17 24 29 32 42 43 47
1 1 6 11 11 16 25 32 42 42
3 9 16 19 21 23 23 31 32 36
8 10 15 22 29 34 37 45 45 46
7 12 18 20 23 26 28 32 39 45
0 5 11 18 27 29 34 34 34 43
5 5 8 9 15 21 21 26 35 41
10 17 27 34 41 50 58 67 76 80
9 19 19 20 22 32 42 46 53 53
1 3 9 15 17 24 34 34 36 43
6 15 15 24 25 28 33 42 42 52
4 6 12 18 28 29 38 41 46 47
5 6 12 13 18 27 37 43 45 52
6 8 11 12 17 17 23 24 33 43
0 6 6 6 12 15 23 33 43 48
10 12 12 20 29 33 34 37 39 43
2 4 11 13 23 31 36 39 46 52
10 16 26 27 34 37 43 52 55 64
5 15 22 28 35 40 40 43 51 56
7 12 18 25 26 29 34 41 41 43
10 15 16 26 26 26 31 31 32 38
3 12 19 28 36 43 43 47 52 57
8 10 16 19 24 31 40 40 40 46
7 15 22 25 29 37 47 54 58 64
2 5 11 17 27 36 44 51 57 62
6 10 10 18 21 23 32 35 36 45
8 9 13 22 23 33 34 41 51 61
0 2 2 10 10 19 21 23 25 25
8 9 13 15 24 24 28 33 40 48
2 9 9 15 23 30 37 43 48 52
4 14 14 24 29 33 42 47 48 53
6 7 11 11 15 19 20 25 27 35
3 4 13 22 27 33 33 41 50 54
4 5 15 21 24 24 25 33 35 36
0 0 7 15 19 19 23 32 34 37
8 13 22 32 35 38 38 48 56 60
7 10 14 22 22 22 27 32 38 44
2 9 10 13 18 24 33 43 45 50
3 5 8 17 17 22 29 31 35 39
5 6 12 15 15 16 24 24 32 41
6 7 9 11 21 21 29 35 36 37
3 12 22 25 34 44 46 56 61 64
1 2 4 11 17 19 27 32 35 39
5 5 7 8 15 15 22 25 29 34
5 15 22 24 33 39 39 46 50 59
2 8 15 23 24 30 31 31 34 36
8 11 13 16 19 19 23 27 27 32
1 10 15 21 31 37 41 51 52 53
7 7 11 16 24 26 36 37 47 53
8 11 16 26 27 27 37 41 47 49
8 12 12 17 17 20 28 29 39 43
7 10 18 23 25 25 33 43 45 49
6 15 15 19 24 28 33 36 44 46
3 9 11 19 20 23 29 39 42 52
3 8 15 23 25 30 36 38 42 44
6 12 20 25 30 33 40 41 45 55
1 7 17 24 29 35 44 47 57 61
1 1 11 13 18 26 26 36 44 45
1 2 4 11 11 15 15 20 20 25
2 7 12 19 28 30 39 45 54 63
7 12 20 26 28 33 42 45 49 51
9 10 13 15 24 30 33 36 38 44
1 3 4 9 9 15 16 25 25 29
6 6 13 14 14 19 28 33 43 43
5 12 15 20 29 33 33 37 39 46
0 3 5 14 18 27 35 45 54 55
0 5 15 16 25 33 39 40 45 49
5 11 17 26 32 41 42 49 59 64
1 1 4 13 20 29 35 43 46 56
1 7 16 24 31 37 39 40 46 53
2 3 12 12 19 20 24 26 28 37
5 13 21 21 24 32 35 43 45 55
8 17 23 33 38 47 51 52 58 64
10 19 22 28 31 34 40 41 43 52
8 18 27 27 30 38 47 53 58 65
9 10 19 24 31 33 42 48 49 51
2 4 11 14 17 18 19 22 26 28
4 5 9 11 13 15 15 25 32 40
9 12 14 18 26 26 34 39 48 55
1 10 17 24 24 33 33 39 44 46
6 8 18 25 28 33 36 41 51 57
7 14 14 16 16 26 33 40 48 48
4 10 18 21 29 29 35 40 42 49
10 14 14 23 26 28 38 39 39 43
5 12 22 32 39 47 50 51 59 63
3 7 12 14 16 20 24 32 35 45
4 11 14 15 20 27 29 35 40 44
0 6 12 14 14 23 24 34 40 47
8 18 19 26 27 28 30 32 39 41
9 19 28 31 32 37 47 51 53 60
5 5 5 6 6 11 20 21 30 33
0 5 11 15 15 21 24 28 37 39
2 11 21 29 34 39 45 54 59 59
5 13 15 19 23 27 35 45 54 63
0 8 17 20 27 34 44 50 50 52
3 4 4 13 17 27 27 29 29 30
6 11 12 17 19 23 26 29 36 43
7 15 19 25 30 30 34 37 46 56
4 4 14 17 26 29 30 32 40 42
0 3 5 5 7 12 18 21 22 26
10 15 18 26 33 38 44 49 59 59
3 12 22 27 35 39 42 48 49 53
3 4 13 17 21 26 34 38 41 46
8 12 22 32 42 49 56 60 67 68
1 4 7 7 10 17 25 30 34 39
7 17 24 31 31 40 47 52 55 57
6 10 19 29 31 39 40 40 44 51
6 8 17 22 26 28 32 40 43 52
5 11 16 26 29 39 41 49 53 63
10 11 14 14 14 18 20 29 29 32
9 14 22 24 33 36 38 47 50 57
6 6 9 16 25 30 33 42 43 51
5 11 14 20 21 24 26 32 35 42
8 9 9 12 15 20 20 30 35 40
4 5 7 7 14 18 21 27 37 38
