Id_meczu;Data;Id_klubu;Sety_wygrane;Sety_przegrane;Id_sedziego
1;2019-10-16;102;1;3;319
2;2019-10-19;106;3;2;306
3;2019-10-19;109;0;3;317
4;2019-10-19;104;0;3;307
5;2019-10-20;105;1;3;312
6;2019-10-20;113;3;2;320
7;2019-10-20;112;1;3;305
8;2019-10-20;119;3;0;312
9;2019-10-20;102;3;2;308
10;2019-10-24;104;3;2;308
11;2019-10-24;105;2;3;307
12;2019-10-24;112;3;1;314
13;2019-10-24;111;0;3;320
14;2019-10-24;107;1;3;313
15;2019-10-24;113;2;3;307
16;2019-10-27;120;3;0;301
17;2019-11-01;118;3;2;301
18;2019-11-01;109;2;3;303
19;2019-11-01;108;2;3;308
20;2019-11-01;116;3;0;316
21;2019-11-01;103;3;1;313
22;2019-11-01;114;3;0;313
23;2019-11-01;104;1;3;302
24;2019-11-04;119;1;3;314
25;2019-11-04;114;3;1;319
26;2019-11-04;104;2;3;306
27;2019-11-04;118;3;2;307
28;2019-11-06;103;3;1;305
29;2019-11-06;106;3;2;307
30;2019-11-06;108;2;3;313
31;2019-11-06;117;2;3;312
32;2019-11-06;116;0;3;312
33;2019-11-11;105;2;3;306
34;2019-11-12;116;3;2;312
35;2019-11-12;106;1;3;302
36;2019-11-12;102;3;1;305
37;2019-11-15;118;0;3;320
38;2019-11-15;114;1;3;317
39;2019-11-15;117;3;1;303
40;2019-11-18;107;2;3;313
41;2019-11-18;109;0;3;314
42;2019-11-18;104;3;2;317
43;2019-11-18;105;3;0;319
44;2019-11-18;101;2;3;307
45;2019-11-22;104;3;1;305
46;2019-11-22;116;1;3;312
47;2019-11-27;103;3;1;310
48;2019-11-27;111;3;1;312
49;2019-11-27;115;1;3;308
50;2019-12-01;110;3;0;311
51;2019-12-01;108;3;2;311
52;2019-12-04;107;3;0;317
53;2019-12-04;113;3;1;319
54;2019-12-04;103;0;3;307
55;2019-12-04;116;1;3;313
56;2019-12-05;110;3;2;301
57;2019-12-05;119;3;0;308
58;2019-12-05;118;1;3;308
59;2019-12-08;120;0;3;302
60;2019-12-08;114;1;3;316
61;2019-12-08;107;3;1;305
62;2019-12-08;109;3;2;310
63;2019-12-08;106;3;2;308
64;2019-12-08;112;3;2;312
65;2019-12-08;103;1;3;314
66;2019-12-13;117;1;3;314
67;2019-12-13;103;2;3;310
68;2019-12-13;115;1;3;320
69;2019-12-13;113;0;3;308
70;2019-12-13;109;3;2;308
71;2019-12-13;111;2;3;317
72;2019-12-14;112;0;3;313
73;2019-12-14;119;2;3;317
74;2019-12-14;109;3;2;319
75;2019-12-14;108;3;1;316
76;2019-12-14;101;3;0;302
77;2019-12-15;109;3;0;317
78;2019-12-15;116;2;3;303
79;2019-12-15;108;3;0;310
80;2019-12-17;115;3;0;320
81;2019-12-17;111;2;3;303
82;2019-12-17;109;3;2;310
83;2019-12-17;117;3;2;310
84;2019-12-17;110;3;1;320
85;2019-12-17;120;0;3;307
86;2019-12-21;101;3;1;308
87;2019-12-21;109;3;1;310
88;2019-12-21;102;0;3;311
89;2019-12-23;102;3;1;308
90;2019-12-23;101;1;3;302
91;2019-12-23;107;2;3;308
92;2019-12-28;109;2;3;320
93;2019-12-28;110;3;1;306
94;2019-12-28;114;3;0;320
95;2019-12-28;117;2;3;303
96;2019-12-28;102;0;3;317
97;2019-12-28;104;3;2;310
98;2019-12-31;110;1;3;316
99;2019-12-31;115;3;1;310
100;2019-12-31;107;1;3;301
101;2019-12-31;108;3;1;313
102;2019-12-31;120;3;1;311
103;2019-12-31;104;3;1;311
104;2019-12-31;106;3;1;310
105;2020-01-01;111;0;3;317
106;2020-01-01;120;3;2;303
107;2020-01-01;108;3;2;310
108;2020-01-01;105;3;2;319
109;2020-01-01;115;1;3;317
110;2020-01-01;117;3;2;313
111;2020-01-01;119;0;3;313
112;2020-01-03;105;1;3;303
113;2020-01-03;112;2;3;319
114;2020-01-03;116;3;0;308
115;2020-01-04;118;3;1;311
116;2020-01-04;101;3;0;317
117;2020-01-04;114;2;3;305
118;2020-01-04;115;3;0;303
119;2020-01-06;103;1;3;317
120;2020-01-06;110;3;0;312
121;2020-01-06;105;3;1;302
122;2020-01-06;120;2;3;320
123;2020-01-06;101;3;0;308
124;2020-01-10;108;0;3;317
125;2020-01-10;102;3;0;305
126;2020-01-10;118;1;3;311
127;2020-01-10;106;1;3;307
128;2020-01-10;115;3;1;303
129;2020-01-10;116;3;0;314
130;2020-01-15;111;3;0;308
131;2020-01-15;118;3;2;307
132;2020-01-15;112;0;3;302
133;2020-01-20;104;1;3;301
134;2020-01-25;115;3;2;316
135;2020-01-25;105;0;3;317
136;2020-01-25;116;1;3;320
137;2020-01-25;108;0;3;317
138;2020-01-25;104;3;2;308
139;2020-01-25;111;3;2;306
140;2020-01-25;117;1;3;316
141;2020-01-28;106;3;1;302
142;2020-01-31;104;3;2;311
143;2020-01-31;114;3;0;312
144;2020-01-31;103;2;3;308
145;2020-01-31;109;3;1;314
146;2020-02-05;102;3;1;305
147;2020-02-05;115;3;2;306
148;2020-02-05;120;3;1;316
149;2020-02-05;118;0;3;317
150;2020-02-05;116;3;1;308
151;2020-02-07;107;3;0;314
152;2020-02-07;120;3;0;302
153;2020-02-07;108;2;3;306
154;2020-02-07;110;2;3;313
155;2020-02-07;109;1;3;314
156;2020-02-09;106;3;1;302
157;2020-02-09;105;1;3;308
158;2020-02-12;115;0;3;320
159;2020-02-12;103;3;1;307
160;2020-02-12;113;3;1;313
161;2020-02-12;119;0;3;317
162;2020-02-12;109;0;3;305
163;2020-02-12;106;3;1;305
164;2020-02-12;120;2;3;316
165;2020-02-14;112;0;3;306
166;2020-02-14;108;3;0;319
167;2020-02-14;106;1;3;308
168;2020-02-14;115;3;1;301
169;2020-02-14;111;3;2;302
170;2020-02-16;114;3;0;310
171;2020-02-16;115;3;2;303
172;2020-02-16;117;1;3;308
173;2020-02-16;106;3;0;319
174;2020-02-16;116;2;3;310
175;2020-02-19;112;3;2;317
176;2020-02-19;101;3;1;320
177;2020-02-19;117;1;3;312
178;2020-02-20;113;2;3;314
179;2020-02-20;105;3;2;314
180;2020-02-20;103;3;0;320
181;2020-02-20;106;3;2;310
182;2020-02-20;112;3;2;311
183;2020-02-24;118;3;1;303
184;2020-02-24;110;3;1;314
185;2020-02-24;111;3;1;312
186;2020-02-24;112;3;0;313
187;2020-02-24;114;3;0;317
188;2020-02-24;108;2;3;308
189;2020-02-28;119;3;1;312
190;2020-02-28;120;3;2;302
191;2020-02-28;107;2;3;316
192;2020-02-28;116;3;0;303
193;2020-02-28;108;2;3;307
194;2020-03-01;112;3;0;316
195;2020-03-01;111;3;0;314
196;2020-03-01;108;0;3;302
197;2020-03-01;110;3;1;313
198;2020-03-01;116;3;2;312
199;2020-03-01;117;2;3;314
200;2020-03-05;115;1;3;305
201;2020-03-05;116;0;3;313
202;2020-03-05;118;3;2;310
203;2020-03-05;101;1;3;305
204;2020-03-05;111;3;2;319
205;2020-03-05;120;3;1;307
206;2020-03-05;114;2;3;302
207;2020-03-10;119;3;1;310
208;2020-03-10;111;0;3;319
209;2020-03-10;108;1;3;310
210;2020-03-10;112;3;2;308
211;2020-03-10;117;1;3;308
212;2020-03-10;104;0;3;319
213;2020-03-10;116;0;3;310
214;2020-03-13;112;3;2;307
215;2020-03-13;108;3;2;312
216;2020-03-14;108;3;0;311
217;2020-03-17;110;2;3;317
218;2020-03-17;119;2;3;320
219;2020-03-17;116;2;3;302
220;2020-03-17;107;3;1;313
221;2020-03-17;105;0;3;313
222;2020-03-18;115;3;2;308
223;2020-03-18;113;3;2;307
224;2020-03-21;104;3;2;319
225;2020-03-21;110;3;0;316
226;2020-03-21;119;0;3;308
227;2020-03-21;117;1;3;314
228;2020-03-21;114;3;1;306
229;2020-03-21;103;3;0;312
230;2020-03-24;105;3;0;320
231;2020-03-24;107;2;3;316
232;2020-03-24;109;3;1;313
233;2020-03-24;108;3;1;312
234;2020-03-24;104;3;2;307
235;2020-03-24;113;3;1;320
236;2020-03-25;102;1;3;301
237;2020-03-25;115;0;3;303
238;2020-03-25;101;1;3;312
239;2020-03-29;111;3;1;303
240;2020-03-29;109;3;0;303
241;2020-03-29;116;3;0;314
242;2020-03-29;114;2;3;312
243;2020-03-29;106;1;3;302
244;2020-03-31;112;0;3;307
245;2020-04-05;115;0;3;302
246;2020-04-10;105;0;3;302
247;2020-04-10;109;3;0;308
248;2020-04-10;107;1;3;302
249;2020-04-10;116;2;3;306
250;2020-04-13;116;0;3;308
251;2020-04-13;114;3;1;312
252;2020-04-13;101;3;0;308
253;2020-04-13;119;3;1;317
254;2020-04-13;106;0;3;301
255;2020-04-13;112;1;3;316
256;2020-04-14;102;3;2;319
257;2020-04-14;116;3;1;319
258;2020-04-14;113;3;2;313
259;2020-04-14;115;3;0;305
260;2020-04-17;107;0;3;308
261;2020-04-17;105;0;3;311
262;2020-04-17;103;3;0;308
263;2020-04-17;115;1;3;319
264;2020-04-17;119;1;3;312
265;2020-04-17;101;3;2;312
266;2020-04-18;104;3;0;312
267;2020-04-18;102;0;3;314
268;2020-04-18;118;3;0;306
269;2020-04-18;103;3;0;313
270;2020-04-18;119;0;3;310
271;2020-04-21;102;3;0;306
272;2020-04-21;115;1;3;313
273;2020-04-21;101;1;3;316
274;2020-04-21;114;0;3;303
275;2020-04-21;119;2;3;305
276;2020-04-26;117;3;2;311
277;2020-04-26;120;2;3;307
278;2020-04-26;101;3;1;316
279;2020-04-26;108;2;3;313
280;2020-04-26;109;2;3;306
281;2020-04-26;112;1;3;316
282;2020-05-01;104;2;3;313
283;2020-05-01;111;1;3;316
284;2020-05-01;109;0;3;312
285;2020-05-01;110;3;2;319
286;2020-05-01;101;3;0;311
287;2020-05-06;104;0;3;307
288;2020-05-06;102;3;1;314
289;2020-05-06;117;0;3;308
290;2020-05-06;119;3;2;308
291;2020-05-06;113;2;3;317
292;2020-05-06;107;2;3;319
293;2020-05-06;109;3;1;303
294;2020-05-10;102;2;3;316
295;2020-05-10;119;2;3;301
296;2020-05-10;108;3;1;305
297;2020-05-10;116;2;3;311
298;2020-05-10;105;2;3;312
299;2020-05-10;103;3;2;317
300;2020-05-14;119;0;3;313
301;2020-05-18;101;1;3;312
302;2020-05-18;104;2;3;311
303;2020-05-18;111;0;3;317
304;2020-05-18;109;1;3;314
305;2020-05-18;114;0;3;316
306;2020-05-23;110;3;2;311
307;2020-05-23;113;0;3;317
308;2020-05-23;117;3;2;308
309;2020-05-23;111;1;3;310
310;2020-05-23;114;2;3;314
311;2020-05-27;111;1;3;319
312;2020-05-27;101;0;3;313
313;2020-05-27;108;1;3;312
314;2020-05-27;118;1;3;302
315;2020-05-28;107;1;3;306
316;2020-05-28;112;1;3;302
317;2020-05-28;102;2;3;314
318;2020-05-28;113;2;3;319
319;2020-05-28;103;3;2;308
320;2020-05-28;120;3;1;310
321;2020-05-28;115;1;3;306
322;2020-05-29;119;3;1;313
323;2020-05-29;115;1;3;306
324;2020-05-29;111;3;0;308
