3260 9048
4706 2258
8315 3667
1806 9289
5167 4416
8206 3444
857 6966
9219 8056
5338 4406
7913 7740
8749 1848
1475 8398
9851 3507
3279 4762
7684 3690
4355 6519
7804 1120
2708 7266
325 6333
1239 9549
9937 4881
6338 265
4217 5997
630 59
2324 8369
6178 4140
7609 3185
9941 6612
1275 710
2685 2074
5993 1629
7104 3150
4728 9649
1815 7119
7193 8357
6592 5059
465 4620
1631 9191
7781 3933
1381 4692
6455 1421
2526 7333
8673 6938
7443 4185
3640 5016
120 7537
2684 1746
2310 8368
6470 2052
4893 1443
1877 3671
4300 5000
1511 9648
7621 6241
7499 529
3926 9244
9428 2007
4677 1058
339 4704
4099 7885
656 1433
2254 183
4305 4747
643 6620
87 5298
3580 8401
1028 602
9724 7711
1057 5529
8178 8780
8328 1502
3708 3133
3975 2180
7248 8215
323 602
2076 6922
9888 7648
4217 1023
2032 5418
8886 108
4299 3092
4532 5938
6240 8123
3398 6083
1555 3631
3751 6773
5479 4772
5409 9160
5113 3858
7997 2109
6908 7520
1841 4195
3991 268
5843 4289
2922 8878
6179 41
733 2127
5676 3037
5295 2097
7287 4667
1184 7370
7624 4029
5665 6718
9200 4750
1396 5074
4081 7711
188 3362
8415 7548
1974 1082
7925 8684
1159 6827
282 7877
5179 8337
2458 966
3418 1535
1027 7996
5091 8465
2161 9461
8356 8425
6987 3209
6160 6220
829 2899
3331 7307
7615 1013
441 3302
8463 8633
9308 3798
3817 6581
8836 3137
4094 4529
4525 4844
8182 2416
6649 3182
5060 8322
7022 1935
8668 4974
8780 6305
5344 9713
3817 6050
2312 6066
4844 7814
8913 5537
9561 3406
518 1870
9563 9690
9817 3311
2474 6071
2491 7343
8702 8594
5598 3467
390 6499
8378 8857
5911 9201
8055 5600
4692 56
8677 2873
732 9432
438 9018
4988 4599
1482 3468
3128 9140
5133 2936
2315 1161
4120 6507
4818 8819
887 6600
3689 4823
739 3299
2748 9892
3665 4670
5820 9811
2432 1541
5003 3146
161 8170
792 7904
1421 6350
4462 6872
8065 6312
1537 4202
5909 9205
535 1277
2121 9519
9905 9321
7114 7626
4271 724
51 8943
5132 2067
5099 3371
7152 370
7408 2810
5551 1682
4909 1994
8906 8761
5408 4882
1323 3677
9625 1550
4618 2942
823 5370
1022 8362
1851 3284
6490 7661
1987 9598
9873 6101
251 2102
520 5197
9964 4728
2474 8378
2633 9637
3456 7416
8974 9875
7798 8715
2209 7723
301 6586
5102 9901
9284 2526
8540 5106
7706 6525
7388 8225
7856 9956
9764 5166
3550 640
320 8937
648 764
7645 7513
8026 8438
1844 3553
3272 5335
2032 1220
6542 7032
5896 2702
8436 846
6256 2547
9753 9255
3564 8073
8712 6693
59 4937
1027 4896
1927 4922
6289 8200
1607 4116
6684 6665
4624 466
7506 2705
5136 6105
9272 7404
3225 8465
4976 7065
5812 947
9248 149
3472 5302
5134 645
8366 9980
5339 7581
5439 7890
3992 2873
1049 9442
8911 2422
1682 8698
8945 9388
1491 8256
2641 5376
2443 8227
9410 5881
6014 2772
8846 2125
1962 233
4135 3667
8960 6299
7718 5988
4969 22
7982 6055
3610 6238
845 7776
7412 1117
5978 9587
1244 6619
279 9426
485 623
7492 9201
9900 8865
8487 2958
2029 8597
8295 1377
9417 8594
9495 1337
4337 1721
3359 4348
4294 1258
6541 2777
2472 6628
8187 9404
964 4455
6533 5078
2120 3138
1485 2385
1001 9702
6644 1540
1062 2782
7007 9420
6865 1503
3348 5026
3320 2864
7358 5939
1719 6510
9207 1717
43 1418
7592 3081
9901 593
7723 1159
6195 3352
1403 506
9585 6634
1578 4124
7095 3091
7733 9703
4234 856
4554 4874
3902 4049
587 6843
4365 504
2463 9377
2077 215
9907 9261
6225 678
3394 6050
1891 192
6267 4590
8907 3143
2584 578
5055 8984
7250 6657
6503 4926
2237 1378
6525 7846
8289 7161
6827 9508
1593 7272
5541 7526
5787 7224
3286 8423
7562 3927
4972 5186
5346 7870
1461 6092
1240 632
3016 329
2903 3483
6953 5675
618 3963
6335 48
1578 7323
6060 8786
4786 9910
8675 8897
2076 3151
5859 6853
9966 1020
4033 3708
9421 2038
5231 6968
2663 129
8445 8663
3852 8400
3414 8
265 7226
9439 924
8706 4342
7636 3863
4394 1033
7237 2157
3065 6364
6394 9563
7318 1861
6753 6229
2018 3492
9936 3140
6752 7278
4454 8422
2323 896
4518 1022
9348 7191
9147 6463
6295 8065
1987 1766
8179 9877
753 8672
1730 5580
1266 1963
4551 5530
6139 9568
675 9587
3286 9107
9443 8898
6049 8210
4861 7981
5949 9254
4878 7560
2229 9624
603 7417
662 2276
561 7410
8774 4591
991 5161
7028 2531
6075 1908
6783 8141
8180 4883
7228 7743
3956 6673
6382 2037
3574 431
6689 3931
3969 5958
5162 1593
8763 6659
2570 9177
3874 2590
7114 2100
4963 1363
6657 4059
7017 7929
1109 5213
3823 7402
4198 1554
2047 3400
2997 576
7390 9046
5273 4224
5081 187
378 3027
38 1632
235 1506
9610 8619
4110 670
195 8589
5807 4908
4480 3825
5622 4147
4652 4869
3369 3925
5257 9239
4086 2409
3299 889
6035 496
9271 4475
2518 5306
7071 6010
6044 4808
9669 9178
6870 8307
6934 5632
9057 253
8790 9382
7160 9653
6718 967
6905 367
6162 7964
4731 5277
7613 5550
5363 5550
1443 5725
4680 1782
7132 7548
8496 2377
7614 4692
7518 2799
364 1932
6160 3337
4743 184
9142 9036
6323 1586
6204 9776
9623 3211
3163 7332
7205 1383
7941 5879
1600 9766
4666 9031
3370 4332
8455 6515
9919 8574
9449 2975
1864 3826
8300 6720
2861 3867
7819 3453
1275 1074
8157 5667
4035 4731
7006 8388
766 1765
3008 2919
6095 7602
1239 8099
6065 1033
5397 9774
7215 3474
3577 9946
251 791
4331 3524
636 6368
8526 9158
2138 8486
1389 7444
2581 4636
9526 1164
56 1340
601 4298
8873 1666
366 5757
3873 5153
3663 6212
5546 7532
4588 8357
3037 1701
7037 8695
3784 8174
1926 8749
3475 3831
2517 1634
4478 3654
5886 2547
1149 2273
7812 5085
2731 2062
1474 5748
5082 3274
8706 2642
7615 622
7184 7640
7673 1074
9375 237
7494 572
270 2423
5109 4328
2393 3145
6227 7375
9395 4828
5687 499
5026 9039
562 2825
3695 37
8857 7313
3342 9881
4033 613
2339 3261
2800 5324
729 477
7675 1903
3636 9230
3360 653
2361 6514
2864 2500
7754 6959
2124 1970
2186 9863
6608 8162
2117 64
6491 766
4000 3995
4576 9607
3546 7973
9505 9007
3159 7306
2212 3805
6185 8311
2307 3189
499 7155
9214 3099
9308 5803
6988 8911
5034 2447
7707 8706
4038 7989
2658 4965
6976 7561
9426 194
3067 3061
2560 1073
7650 5430
2211 7471
2412 155
5032 8275
7877 2613
1130 6849
9299 7385
6116 6062
1361 4129
4544 7767
5211 7945
6660 5320
4672 903
426 1706
8183 9600
1686 1121
363 7624
3251 9889
3392 7855
4869 4456
4800 3811
6759 1293
6112 8137
5916 6938
7260 5932
2905 7580
6096 7289
3678 7575
1860 3356
2331 6462
7447 9695
2790 5642
8886 5978
6635 102
3032 8344
6658 8737
7064 6302
7775 89
7527 6153
4611 69
3374 3824
4921 5557
8111 7850
6023 4055
1924 4503
4054 6018
6928 7739
9223 4269
8481 3147
633 5455
4324 3657
7992 2828
2203 1515
641 9256
6968 2437
3489 5259
1148 9964
321 535
9881 7179
4382 9920
3108 5435
9921 7418
6467 1659
3023 6034
8336 3606
1747 7839
5588 2176
467 9397
5737 8011
7857 3425
9755 2152
8158 9826
9079 3950
7682 9027
3486 9801
9074 9408
4773 9993
912 9447
5924 4169
6176 5609
7816 4893
5943 9950
6729 9881
935 8318
7428 2729
9205 2095
9349 5874
9788 4861
8960 4076
5680 1470
716 8462
1294 2090
3640 6025
5925 8876
1429 4015
1854 9566
2711 8865
9915 1532
5482 1596
2751 2922
7521 2237
3002 5874
3610 834
6368 1474
2138 8573
4335 8481
9318 5382
4369 9123
46 6631
3014 6713
1631 7232
5675 2615
1487 2942
2326 5632
3665 2248
7024 6249
3005 3980
7353 2735
1041 2180
3954 7046
5762 6866
6268 7097
9242 3502
5004 9490
4191 1417
642 4458
3949 8387
6944 3866
1536 1365
5066 4846
3428 8110
3865 7294
3853 7536
1396 4264
7038 4214
7917 1474
9030 819
7947 7035
8899 7740
4530 6259
2387 7742
8936 347
818 1834
9910 3072
5425 6439
4494 7572
3504 8051
3641 7260
9280 5857
6555 1910
141 1651
4195 3428
9441 5992
936 6938
1405 6230
160 2832
3309 1967
929 5606
5950 2961
5012 6880
7148 9783
2692 4258
5456 4787
8224 5806
3985 6527
7787 3236
8290 866
541 6595
9044 2879
3150 622
835 1584
6237 9190
4247 709
3817 695
568 9442
132 5079
8372 3587
8717 3653
9931 6135
2235 7300
4409 3009
4838 8167
5062 1145
7778 5933
690 8174
98 3331
8470 2135
5479 8147
7353 2090
206 1567
9672 2484
1843 6858
4693 1853
9846 9058
2905 6258
4306 7065
4979 5894
3486 5243
5934 5932
1040 3918
4282 6006
6139 7983
9046 3188
235 1598
5893 6983
9361 5913
8276 8085
6658 7046
1882 1655
2829 4572
1940 6916
8317 7631
4361 4151
6796 7866
4525 4082
1033 6799
3020 9198
5728 1424
7009 8272
3734 6773
496 266
8456 9408
7667 8270
2282 2369
2135 4377
5142 1347
2428 8717
4655 4988
1710 6380
6367 552
8850 1111
5276 840
9658 513
4668 673
2761 385
1332 2481
5404 2072
3829 1969
1649 2355
8864 7697
324 6974
6229 3835
3843 2367
1458 4829
2918 2057
3583 5180
7567 445
9355 8579
2750 3908
1362 9179
8912 3253
1765 5364
4723 9036
2224 4001
2797 8190
239 2292
247 3215
8760 6040
5991 9921
5873 8807
6867 2792
864 7242
6229 4670
8172 5068
2900 5779
8058 3062
6525 2572
8398 6147
8671 5548
2049 2646
8707 3408
5190 6066
878 4937
9876 7766
5260 6028
5296 779
1674 3568
2917 2092
3535 6781
7197 4134
9014 6214
2102 7371
1375 7260
472 5885
9831 5003
4619 8036
8241 6680
8686 5820
2616 3292
2440 865
870 9188
8628 3064
949 4000
7980 1202
7577 1433
3715 4622
4547 242
7190 2327
193 708
4362 2217
9398 1048
5411 9539
7782 8961
3139 1502
3537 10000
6290 5495
1125 2996
7526 2683
35 9583
9078 8402
2090 6195
8079 6644
3757 9087
4611 9584
6915 2032
4819 5614
3429 8836
5311 2011
7485 4740
9654 2455
5641 8595
9486 6361
9659 7399
7649 7617
2272 2937
5271 6138
2708 2791
4956 7834
7952 1407
4506 8463
8935 7317
6223 5628
9100 6270
1865 2051
7520 3293
9276 3666
1105 5679
9559 8970
1685 9937
9910 3052
5226 5066
2906 1718
3205 8359
4581 9595
1739 4560
7113 2218
3353 873
3832 7142
941 5261
531 4242
4331 9931
4241 2016
8533 2172
4763 5879
256 6999
1725 7633
6959 6598
6864 3565
1753 6695
4005 3349
9278 5838
4014 4274
3229 6482
5035 6623
7105 2973
5927 7407
6879 7248
9228 2531
9201 4557
5326 2947
2500 5073
8269 9711
2270 9043
1809 7464
7167 9506
8346 6789
529 3729
9395 4485
3827 8648
598 8371
5602 3072
3078 853
2893 6375
2604 4632
3314 6136
4699 5585
5880 1993
3713 3593
8948 6038
3443 2812
5155 7659
2036 124
7503 9162
1283 5378
8871 3849
5919 763
556 6980
8673 633
5127 8228
7684 8384
6254 8276
803 5000
4440 8194
2489 5796
4016 4601
9753 8872
4572 2431
78 2339
511 6755
2808 8409
6789 1785
2270 2515
8458 5121
2307 5783
7599 4759
3967 744
4824 1661
7285 4455
5058 7953
528 1291
9991 6378
